165 831
233 45
1076 118
322 63
34 68
1110 148
301 163
246 54
1089 124
102 18
47 48
369 157
225 51
259 113
115 12
1102 150
382 77
238 79
1081 126
39 41
251 123
107 27
52 38
230 75
1073 153
120 36
353 61
243 52
99 16
1086 92
44 28
311 162
112 20
1099 133
345 90
57 46
235 86
8220 98
324 72
269 64
769 74
248 62
1091 139
104 14
337 111
49 31
227 59
316 161
261 97
117 19
1083 125
96 129
41 49
363 121
253 81
109 17
54 42
287 119
21658 137
232 67
8217 40
1075 140
33 107
122 37
355 142
245 131
101 5
1088 109
46 21
279 122
224 57
114 9
347 76
59 78
237 55
1080 100
326 143
38 47
305 89
250 70
106 33
1093 152
339 159
51 39
229 73
1072 87
318 160
174 120
31038 145
263 80
119 23
64 91
242 102
98 24
1085 110
43 95
132 166
365 158
111 10
56 44
289 164
378 141
234 83
1077 103
700 128
35 168
26053 146
103 22
1090 99
946 154
48 30
281 88
226 69
8211 71
116 7
1103 149
150 165
239 115
1082 117
328 112
40 50
273 105
9601 4
252 53
108 13
1095 138
53 34
231 65
8216 108
1074 135
176 144
121 26
299 101
244 58
100 15
1087 134
45 29
367 93
223 82
778 155
257 106
113 35
1100 151
58 60
380 104
8221 94
236 132
37 96
537 156
249 114
105 8
50 32
283 85
228 56
118 25
351 84
63 167
241 66
1084 116
8226 147
97 6
42 136
275 130
775 127
110 11
55 43
4 6 169
7 14 170
8 11 171
9 5 172
4 18 173
9 10 174
4 12 175
7 5 176
11 15 177
4 170 178
178 5 179
8 12 180
4 16 181
4 23 182
169 177 183
5 9 184
4 24 185
4 20 186
4 10 187
5 11 188
5 12 189
6 9 190
4 180 191
6 11 192
171 22 193
10 17 194
182 8 195
4 17 196
4 14 197
8 7 198
10 11 199
6 7 200
10 9 201
4 7 202
4 171 203
6 13 204
4 15 205
13 5 206
4 13 207
10 19 208
4 27 209
195 170 210
187 18 211
9 8 212
6 16 213
6 176 214
8 13 215
173 174 216
5 15 217
174 194 218
172 12 219
216 17 220
8 199 221
4 22 222
6 12 223
5 7 224
169 172 225
6 26 226
19 9 227
188 7 228
8 9 229
172 5 230
13 13 231
209 17 232
173 230 233
8 16 234
4 5 235
212 25 236
186 174 237
4 218 238
197 10 239
211 18 240
4 25 241
7 6 242
24 206 243
200 221 244
202 10 245
4 31 246
169 7 247
7 12 248
169 229 249
5 200 250
185 6 251
23 226 252
176 9 253
184 12 254
176 13 255
16 14 256
213 14 257
201 7 258
181 192 259
175 7 260
6 243 261
207 10 262
19 12 263
22 5 264
251 170 265
8 15 266
19 176 267
175 14 268
19 189 269
214 15 270
169 252 271
13 12 272
171 267 273
7 26 274
185 5 275
4 32 276
187 11 277
20 184 278
6 215 279
8 176 280
4 11 281
239 255 282
262 16 283
222 269 284
173 250 285
17 228 286
10 13 287
202 25 288
4 172 289
19 15 290
169 16 291
190 27 292
240 254 293
237 278 294
294 274 295
16 13 296
238 12 297
186 236 298
298 214 299
4 219 300
190 7 301
19 11 302
25 5 303
10 15 304
18 8 305
6 27 306
35 19 307
20 258 308
169 20 309
169 11 310
265 218 311
169 25 312
8 189 313
29 12 314
249 308 315
312 279 316
271 21 317
316 261 318
186 292 319
29 17 320
203 296 321
321 290 322
283 270 323
291 16 324
9 6 325
285 19 326
208 9 327
309 301 328
196 224 329
181 194 330
328 286 331
4 26 332
320 273 333
198 313 334
284 248 335
169 272 336
336 10 337
13 6 338
181 10 339
197 6 340
225 6 341
181 14 342
184 25 343
12 21 344
268 10 345
227 192 346
190 15 347
242 346 348
300 348 349
329 219 350
208 12 351
5 21 352
175 343 353
256 188 354
186 10 355
209 198 356
198 221 357
173 13 358
356 354 359
172 15 360
8 206 361
20 20 362
223 7 363
175 5 364
4 188 365
181 228 366
182 14 367
189 12 368
25 266 369
6 17 370
4 198 371
205 236 372
8 5 373
174 19 374
19 7 375
237 369 376
180 14 377
4 33 378
319 193 379
30 30 380
182 204 381
4 39 382
173 213 383
372 5 384
4 34 385
9 26 386
332 208 387
383 215 388
175 20 389
388 334 390
187 9 391
10 201 392
10 12 393
381 27 394
22 14 395
13 26 396
307 8 397
205 5 398
172 188 399
185 190 400
12 28 401
366 172 402
295 21 403
11 7 404
9 213 405
169 12 406
373 23 407
185 172 408
23 184 409
177 357 410
326 219 411
178 180 412
253 11 413
195 305 414
169 231 415
6 15 416
358 200 417
349 7 418
179 172 419
16 399 420
29 16 421
222 347 422
10 26 423
173 201 424
314 420 425
18 18 426
4 253 427
175 19 428
281 5 429
417 425 430
422 188 431
241 407 432
275 257 433
397 362 434
434 217 435
345 409 436
408 306 437
194 17 438
8 25 439
437 18 440
33 423 441
438 304 442
365 441 443
324 442 444
440 363 445
235 257 446
260 244 447
8 17 448
29 305 449
19 24 450
195 449 451
244 204 452
444 244 453
427 405 454
203 413 455
355 287 456
197 223 457
205 189 458
374 177 459
16 5 460
198 26 461
263 7 462
235 435 463
194 5 464
322 5 465
196 273 466
207 6 467
4 38 468
7 212 469
15 392 470
175 6 471
340 303 472
5 231 473
19 17 474
25 184 475
202 325 476
208 11 477
205 171 478
5 16 479
195 231 480
187 375 481
189 21 482
8 6 483
19 13 484
8 27 485
466 12 486
185 204 487
186 13 488
171 5 489
175 280 490
9 192 491
458 27 492
246 30 493
367 361 494
353 234 495
455 452 496
378 462 497
185 217 498
210 171 499
376 217 500
185 10 501
181 199 502
23 11 503
351 5 504
324 368 505
16 199 506
241 215 507
171 15 508
4 302 509
175 227 510
6 264 511
180 7 512
481 470 513
5 5 514
40 12 515
25 188 516
250 193 517
19 231 518
331 12 519
487 506 520
23 6 521
235 36 522
181 461 523
184 21 524
410 217 525
5 272 526
4 174 527
182 473 528
169 9 529
240 184 530
478 193 531
181 6 532
29 14 533
4 176 534
212 15 535
185 26 536
520 26 537
227 193 538
10 27 539
208 7 540
193 21 541
173 518 542
8 192 543
276 38 544
454 5 545
340 229 546
181 190 547
5 13 548
181 261 549
175 517 550
176 15 551
507 338 552
421 10 553
185 19 554
4 9 555
7 221 556
318 21 557
214 9 558
245 361 559
173 198 560
5 172 561
10 20 562
185 263 563
249 553 564
546 15 565
223 14 566
242 171 567
565 386 568
284 7 569
175 27 570
197 504 571
196 234 572
533 327 573
288 28 574
490 21 575
564 525 576
214 231 577
5 360 578
169 13 579
175 224 580
173 508 581
577 280 582
246 34 583
510 459 584
432 12 585
7 206 586
198 19 587
285 538 588
175 582 589
572 174 590
428 280 591
330 189 592
219 7 593
205 377 594
349 248 595
590 521 596
10 304 597
240 578 598
6 28 599
227 11 600
6 21 601
326 172 602
559 469 603
6 360 604
181 13 605
288 21 606
596 303 607
488 226 608
19 5 609
263 5 610
193 28 611
322 189 612
8 24 613
8 10 614
8 172 615
544 573 616
10 18 617
196 5 618
223 12 619
184 11 620
173 600 621
41 12 622
570 8 623
509 198 624
204 13 625
268 604 626
175 464 627
8 351 628
426 514 629
330 5 630
175 23 631
395 7 632
16 201 633
190 264 634
13 10 635
170 184 636
216 404 637
13 8 638
476 171 639
246 21 640
10 7 641
339 410 642
4 42 643
196 6 644
234 14 645
192 11 646
374 395 647
245 503 648
196 171 649
6 593 650
353 217 651
196 190 652
436 21 653
429 650 654
9 204 655
306 5 656
314 280 657
178 647 658
277 657 659
276 30 660
10 25 661
20 206 662
213 5 663
493 333 664
542 26 665
19 177 666
587 270 667
175 667 668
4 43 669
486 40 670
289 338 671
530 193 672
196 257 673
339 629 674
266 5 675
535 264 676
196 304 677
207 477 678
658 540 679
439 193 680
18 212 681
677 620 682
671 36 683
341 21 684
385 333 685
207 171 686
8 18 687
187 20 688
560 551 689
364 6 690
477 567 691
224 176 692
192 7 693
495 5 694
6 172 695
584 193 696
13 18 697
215 15 698
4 44 699
207 19 700
17 193 701
364 697 702
196 691 703
15 357 704
197 464 705
16 27 706
311 21 707
22 184 708
379 21 709
400 24 710
6 20 711
172 11 712
390 21 713
315 28 714
8 22 715
203 11 716
189 7 717
359 692 718
207 680 719
702 421 720
621 377 721
241 190 722
283 204 723
187 516 724
169 15 725
201 11 726
342 646 727
181 19 728
4 206 729
554 426 730
12 7 731
389 213 732
235 206 733
730 224 734
727 526 735
175 302 736
12 5 737
208 177 738
704 204 739
358 392 740
345 20 741
710 479 742
10 23 743
367 645 744
239 7 745
187 636 746
189 28 747
200 201 748
291 7 749
169 17 750
24 26 751
173 676 752
631 448 753
202 327 754
13 234 755
13 266 756
376 5 757
16 7 758
454 352 759
6 22 760
749 439 761
19 20 762
500 21 763
475 26 764
222 287 765
8 204 766
761 334 767
322 193 768
678 264 769
282 21 770
12 27 771
558 193 772
4 37 773
311 12 774
289 257 775
279 26 776
300 258 777
205 776 778
732 628 779
720 772 780
756 226 781
239 781 782
12 12 783
197 5 784
186 450 785
175 242 786
235 764 787
16 10 788
4 212 789
184 28 790
389 6 791
742 609 792
9 171 793
603 482 794
4 8 795
753 701 796
353 189 797
175 192 798
568 524 799
708 748 800
173 738 801
681 800 802
728 180 803
245 23 804
289 802 805
471 302 806
13 15 807
23 566 808
376 189 809
27 12 810
187 475 811
277 396 812
594 808 813
196 215 814
234 204 815
398 633 816
429 190 817
192 22 818
199 22 819
686 188 820
467 666 821
11 368 822
307 5 823
804 526 824
181 287 825
485 5 826
20 13 827
196 610 828
181 327 829
205 180 830
26 296 831
35 269 832
22 22 833
828 474 834
175 617 835
456 28 836
174 11 837
5 177 838
765 18 839
618 204 840
182 597 841
8 188 842
366 655 843
181 223 844
173 370 845
7 21 846
785 755 847
341 28 848
338 177 849
225 223 850
289 832 851
8 303 852
196 192 853
260 201 854
721 217 855
268 375 856
238 21 857
821 386 858
854 511 859
184 26 860
197 485 861
816 270 862
624 12 863
186 204 864
382 30 865
196 10 866
239 12 867
224 26 868
209 224 869
19 172 870
186 190 871
613 190 872
205 226 873
196 726 874
289 22 875
476 739 876
371 12 877
649 872 878
869 586 879
276 21 880
4 762 881
315 21 882
512 201 883
856 586 884
271 28 885
205 793 886
436 28 887
402 21 888
330 18 889
201 27 890
673 489 891
208 404 892
491 264 893
6 24 894
292 224 895
512 192 896
207 656 897
197 883 898
175 307 899
4 236 900
5 28 901
385 380 902
179 26 903
171 352 904
498 218 905
539 193 906
583 333 907
190 26 908
532 18 909
289 404 910
213 27 911
398 13 912
8 395 913
186 172 914
447 21 915
196 199 916
326 360 917
537 21 918
775 217 919
186 258 920
8 243 921
899 695 922
330 662 923
182 566 924
875 221 925
4 46 926
7 10 927
207 634 928
416 5 929
24 184 930
175 11 931
186 5 932
4 325 933
260 562 934
37 6 935
7 171 936
260 10 937
173 10 938
688 188 939
6 19 940
342 698 941
182 558 942
362 193 943
202 450 944
495 189 945
205 896 946
817 751 947
591 12 948
924 193 949
418 28 950
941 712 951
181 831 952
534 11 953
492 21 954
4 50 955
568 184 956
6 8 957
276 380 958
329 174 959
15 5 960
400 21 961
4 47 962
867 255 963
443 217 964
484 190 965
260 26 966
29 24 967
190 17 968
22 459 969
433 21 970
345 943 971
642 193 972
522 7 973
274 206 974
202 261 975
432 344 976
418 21 977
219 14 978
451 21 979
322 217 980
332 327 981
314 974 982
6 177 983
814 189 984
228 204 985
552 264 986
246 380 987
892 386 988
330 20 989
722 8 990
276 34 991
171 7 992
603 189 993
560 822 994
289 460 995
260 290 996
196 619 997
169 24 998
367 561 999
1 0 2 3
