165 3831
233 45
1076 118
322 63
34 68
1110 148
301 163
246 54
1089 124
102 18
47 48
369 157
225 51
259 113
115 12
1102 150
382 77
238 79
1081 126
39 41
251 123
107 27
52 38
230 75
1073 153
120 36
353 61
243 52
99 16
1086 92
44 28
311 162
112 20
1099 133
345 90
57 46
235 86
8220 98
324 72
269 64
769 74
248 62
1091 139
104 14
337 111
49 31
227 59
316 161
261 97
117 19
1083 125
96 129
41 49
363 121
253 81
109 17
54 42
287 119
21658 137
232 67
8217 40
1075 140
33 107
122 37
355 142
245 131
101 5
1088 109
46 21
279 122
224 57
114 9
347 76
59 78
237 55
1080 100
326 143
38 47
305 89
250 70
106 33
1093 152
339 159
51 39
229 73
1072 87
318 160
174 120
31038 145
263 80
119 23
64 91
242 102
98 24
1085 110
43 95
132 166
365 158
111 10
56 44
289 164
378 141
234 83
1077 103
700 128
35 168
26053 146
103 22
1090 99
946 154
48 30
281 88
226 69
8211 71
116 7
1103 149
150 165
239 115
1082 117
328 112
40 50
273 105
9601 4
252 53
108 13
1095 138
53 34
231 65
8216 108
1074 135
176 144
121 26
299 101
244 58
100 15
1087 134
45 29
367 93
223 82
778 155
257 106
113 35
1100 151
58 60
380 104
8221 94
236 132
37 96
537 156
249 114
105 8
50 32
283 85
228 56
118 25
351 84
63 167
241 66
1084 116
8226 147
97 6
42 136
275 130
775 127
110 11
55 43
4 6 169
7 14 170
8 11 171
9 5 172
4 18 173
9 10 174
4 12 175
7 5 176
11 15 177
4 170 178
178 5 179
8 12 180
4 16 181
4 23 182
169 177 183
5 9 184
4 24 185
4 20 186
4 10 187
5 11 188
5 12 189
6 9 190
4 180 191
6 11 192
171 22 193
10 17 194
182 8 195
4 17 196
4 14 197
8 7 198
10 11 199
6 7 200
10 9 201
4 7 202
4 171 203
6 13 204
4 15 205
13 5 206
4 13 207
10 19 208
4 27 209
195 170 210
187 18 211
9 8 212
6 16 213
6 176 214
8 13 215
173 174 216
5 15 217
174 194 218
172 12 219
216 17 220
8 199 221
4 22 222
6 12 223
5 7 224
169 172 225
6 26 226
19 9 227
188 7 228
8 9 229
172 5 230
13 13 231
209 17 232
173 230 233
8 16 234
4 5 235
212 25 236
186 174 237
4 218 238
197 10 239
211 18 240
4 25 241
7 6 242
24 206 243
200 221 244
202 10 245
4 31 246
169 7 247
7 12 248
169 229 249
5 200 250
185 6 251
23 226 252
176 9 253
184 12 254
176 13 255
16 14 256
213 14 257
201 7 258
181 192 259
175 7 260
6 243 261
207 10 262
19 12 263
22 5 264
251 170 265
8 15 266
19 176 267
175 14 268
19 189 269
214 15 270
169 252 271
13 12 272
171 267 273
7 26 274
185 5 275
4 32 276
187 11 277
20 184 278
6 215 279
8 176 280
4 11 281
239 255 282
262 16 283
222 269 284
173 250 285
17 228 286
10 13 287
202 25 288
4 172 289
19 15 290
169 16 291
190 27 292
240 254 293
237 278 294
294 274 295
16 13 296
238 12 297
186 236 298
298 214 299
4 219 300
190 7 301
19 11 302
25 5 303
10 15 304
18 8 305
6 27 306
35 19 307
20 258 308
169 20 309
169 11 310
265 218 311
169 25 312
8 189 313
29 12 314
249 308 315
312 279 316
271 21 317
316 261 318
186 292 319
29 17 320
203 296 321
321 290 322
283 270 323
291 16 324
9 6 325
285 19 326
208 9 327
309 301 328
196 224 329
181 194 330
328 286 331
4 26 332
320 273 333
198 313 334
284 248 335
169 272 336
336 10 337
13 6 338
181 10 339
197 6 340
225 6 341
181 14 342
184 25 343
12 21 344
268 10 345
227 192 346
190 15 347
242 346 348
300 348 349
329 219 350
208 12 351
5 21 352
175 343 353
256 188 354
186 10 355
209 198 356
198 221 357
173 13 358
356 354 359
172 15 360
8 206 361
20 20 362
223 7 363
175 5 364
4 188 365
181 228 366
182 14 367
189 12 368
25 266 369
6 17 370
4 198 371
205 236 372
8 5 373
174 19 374
19 7 375
237 369 376
180 14 377
4 33 378
319 193 379
30 30 380
182 204 381
4 39 382
173 213 383
372 5 384
4 34 385
9 26 386
332 208 387
383 215 388
175 20 389
388 334 390
187 9 391
10 201 392
10 12 393
381 27 394
22 14 395
13 26 396
307 8 397
205 5 398
172 188 399
185 190 400
12 28 401
366 172 402
295 21 403
11 7 404
9 213 405
169 12 406
373 23 407
185 172 408
23 184 409
177 357 410
326 219 411
178 180 412
253 11 413
195 305 414
169 231 415
6 15 416
358 200 417
349 7 418
179 172 419
16 399 420
29 16 421
222 347 422
10 26 423
173 201 424
314 420 425
18 18 426
4 253 427
175 19 428
281 5 429
417 425 430
422 188 431
241 407 432
275 257 433
397 362 434
434 217 435
345 409 436
408 306 437
194 17 438
8 25 439
437 18 440
33 423 441
438 304 442
365 441 443
324 442 444
440 363 445
235 257 446
260 244 447
8 17 448
29 305 449
19 24 450
195 449 451
244 204 452
444 244 453
427 405 454
203 413 455
355 287 456
197 223 457
205 189 458
374 177 459
16 5 460
198 26 461
263 7 462
235 435 463
194 5 464
322 5 465
196 273 466
207 6 467
4 38 468
7 212 469
15 392 470
175 6 471
340 303 472
5 231 473
19 17 474
25 184 475
202 325 476
208 11 477
205 171 478
5 16 479
195 231 480
187 375 481
189 21 482
8 6 483
19 13 484
8 27 485
466 12 486
185 204 487
186 13 488
171 5 489
175 280 490
9 192 491
458 27 492
246 30 493
367 361 494
353 234 495
455 452 496
378 462 497
185 217 498
210 171 499
376 217 500
185 10 501
181 199 502
23 11 503
351 5 504
324 368 505
16 199 506
241 215 507
171 15 508
4 302 509
175 227 510
6 264 511
180 7 512
481 470 513
5 5 514
40 12 515
25 188 516
250 193 517
19 231 518
331 12 519
487 506 520
23 6 521
235 36 522
181 461 523
184 21 524
410 217 525
5 272 526
4 174 527
182 473 528
169 9 529
240 184 530
478 193 531
181 6 532
29 14 533
4 176 534
212 15 535
185 26 536
520 26 537
227 193 538
10 27 539
208 7 540
193 21 541
173 518 542
8 192 543
276 38 544
454 5 545
340 229 546
181 190 547
5 13 548
181 261 549
175 517 550
176 15 551
507 338 552
421 10 553
185 19 554
4 9 555
7 221 556
318 21 557
214 9 558
245 361 559
173 198 560
5 172 561
10 20 562
185 263 563
249 553 564
546 15 565
223 14 566
242 171 567
565 386 568
284 7 569
175 27 570
197 504 571
196 234 572
533 327 573
288 28 574
490 21 575
564 525 576
214 231 577
5 360 578
169 13 579
175 224 580
173 508 581
577 280 582
246 34 583
510 459 584
432 12 585
7 206 586
198 19 587
285 538 588
175 582 589
572 174 590
428 280 591
330 189 592
219 7 593
205 377 594
349 248 595
590 521 596
10 304 597
240 578 598
6 28 599
227 11 600
6 21 601
326 172 602
559 469 603
6 360 604
181 13 605
288 21 606
596 303 607
488 226 608
19 5 609
263 5 610
193 28 611
322 189 612
8 24 613
8 10 614
8 172 615
544 573 616
10 18 617
196 5 618
223 12 619
184 11 620
173 600 621
41 12 622
570 8 623
509 198 624
204 13 625
268 604 626
175 464 627
8 351 628
426 514 629
330 5 630
175 23 631
395 7 632
16 201 633
190 264 634
13 10 635
170 184 636
216 404 637
13 8 638
476 171 639
246 21 640
10 7 641
339 410 642
4 42 643
196 6 644
234 14 645
192 11 646
374 395 647
245 503 648
196 171 649
6 593 650
353 217 651
196 190 652
436 21 653
429 650 654
9 204 655
306 5 656
314 280 657
178 647 658
277 657 659
276 30 660
10 25 661
20 206 662
213 5 663
493 333 664
542 26 665
19 177 666
587 270 667
175 667 668
4 43 669
486 40 670
289 338 671
530 193 672
196 257 673
339 629 674
266 5 675
535 264 676
196 304 677
207 477 678
658 540 679
439 193 680
18 212 681
677 620 682
671 36 683
341 21 684
385 333 685
207 171 686
8 18 687
187 20 688
560 551 689
364 6 690
477 567 691
224 176 692
192 7 693
495 5 694
6 172 695
584 193 696
13 18 697
215 15 698
4 44 699
207 19 700
17 193 701
364 697 702
196 691 703
15 357 704
197 464 705
16 27 706
311 21 707
22 184 708
379 21 709
400 24 710
6 20 711
172 11 712
390 21 713
315 28 714
8 22 715
203 11 716
189 7 717
359 692 718
207 680 719
702 421 720
621 377 721
241 190 722
283 204 723
187 516 724
169 15 725
201 11 726
342 646 727
181 19 728
4 206 729
554 426 730
12 7 731
389 213 732
235 206 733
730 224 734
727 526 735
175 302 736
12 5 737
208 177 738
704 204 739
358 392 740
345 20 741
710 479 742
10 23 743
367 645 744
239 7 745
187 636 746
189 28 747
200 201 748
291 7 749
169 17 750
24 26 751
173 676 752
631 448 753
202 327 754
13 234 755
13 266 756
376 5 757
16 7 758
454 352 759
6 22 760
749 439 761
19 20 762
500 21 763
475 26 764
222 287 765
8 204 766
761 334 767
322 193 768
678 264 769
282 21 770
12 27 771
558 193 772
4 37 773
311 12 774
289 257 775
279 26 776
300 258 777
205 776 778
732 628 779
720 772 780
756 226 781
239 781 782
12 12 783
197 5 784
186 450 785
175 242 786
235 764 787
16 10 788
4 212 789
184 28 790
389 6 791
742 609 792
9 171 793
603 482 794
4 8 795
753 701 796
353 189 797
175 192 798
568 524 799
708 748 800
173 738 801
681 800 802
728 180 803
245 23 804
289 802 805
471 302 806
13 15 807
23 566 808
376 189 809
27 12 810
187 475 811
277 396 812
594 808 813
196 215 814
234 204 815
398 633 816
429 190 817
192 22 818
199 22 819
686 188 820
467 666 821
11 368 822
307 5 823
804 526 824
181 287 825
485 5 826
20 13 827
196 610 828
181 327 829
205 180 830
26 296 831
35 269 832
22 22 833
828 474 834
175 617 835
456 28 836
174 11 837
5 177 838
765 18 839
618 204 840
182 597 841
8 188 842
366 655 843
181 223 844
173 370 845
7 21 846
785 755 847
341 28 848
338 177 849
225 223 850
289 832 851
8 303 852
196 192 853
260 201 854
721 217 855
268 375 856
238 21 857
821 386 858
854 511 859
184 26 860
197 485 861
816 270 862
624 12 863
186 204 864
382 30 865
196 10 866
239 12 867
224 26 868
209 224 869
19 172 870
186 190 871
613 190 872
205 226 873
196 726 874
289 22 875
476 739 876
371 12 877
649 872 878
869 586 879
276 21 880
4 762 881
315 21 882
512 201 883
856 586 884
271 28 885
205 793 886
436 28 887
402 21 888
330 18 889
201 27 890
673 489 891
208 404 892
491 264 893
6 24 894
292 224 895
512 192 896
207 656 897
197 883 898
175 307 899
4 236 900
5 28 901
385 380 902
179 26 903
171 352 904
498 218 905
539 193 906
583 333 907
190 26 908
532 18 909
289 404 910
213 27 911
398 13 912
8 395 913
186 172 914
447 21 915
196 199 916
326 360 917
537 21 918
775 217 919
186 258 920
8 243 921
899 695 922
330 662 923
182 566 924
875 221 925
4 46 926
7 10 927
207 634 928
416 5 929
24 184 930
175 11 931
186 5 932
4 325 933
260 562 934
37 6 935
7 171 936
260 10 937
173 10 938
688 188 939
6 19 940
342 698 941
182 558 942
362 193 943
202 450 944
495 189 945
205 896 946
817 751 947
591 12 948
924 193 949
418 28 950
941 712 951
181 831 952
534 11 953
492 21 954
4 50 955
568 184 956
6 8 957
276 380 958
329 174 959
15 5 960
400 21 961
4 47 962
867 255 963
443 217 964
484 190 965
260 26 966
29 24 967
190 17 968
22 459 969
433 21 970
345 943 971
642 193 972
522 7 973
274 206 974
202 261 975
432 344 976
418 21 977
219 14 978
451 21 979
322 217 980
332 327 981
314 974 982
6 177 983
814 189 984
228 204 985
552 264 986
246 380 987
892 386 988
330 20 989
722 8 990
276 34 991
171 7 992
603 189 993
560 822 994
289 460 995
260 290 996
196 619 997
169 24 998
367 561 999
205 25 1000
173 377 1001
171 6 1002
11 180 1003
185 13 1004
803 489 1005
389 479 1006
20 14 1007
4 610 1008
382 380 1009
281 452 1010
811 635 1011
241 204 1012
185 212 1013
953 1003 1014
215 26 1015
186 200 1016
175 448 1017
1000 15 1018
4 535 1019
936 985 1020
174 24 1021
355 20 1022
241 180 1023
202 172 1024
833 511 1025
700 1025 1026
205 10 1027
910 204 1028
196 306 1029
197 351 1030
175 17 1031
502 1020 1032
186 192 1033
8 632 1034
534 6 1035
178 192 1036
634 21 1037
9 223 1038
431 21 1039
20 556 1040
232 21 1041
260 172 1042
1006 766 1043
181 988 1044
841 188 1045
1022 965 1046
433 28 1047
455 224 1048
175 176 1049
281 200 1050
20 5 1051
555 279 1052
207 368 1053
469 16 1054
735 21 1055
456 21 1056
10 21 1057
995 1040 1058
696 401 1059
486 41 1060
502 516 1061
196 393 1062
11 5 1063
222 174 1064
741 12 1065
8 474 1066
605 450 1067
297 21 1068
9 19 1069
355 783 1070
197 561 1071
471 18 1072
7 199 1073
1013 632 1074
205 45 1075
17 17 1076
946 460 1077
6 14 1078
733 16 1079
1079 1054 1080
1042 224 1081
990 868 1082
187 807 1083
173 615 1084
1075 633 1085
277 5 1086
234 5 1087
203 470 1088
1070 921 1089
554 698 1090
563 171 1091
16 352 1092
851 846 1093
20 12 1094
840 12 1095
16 556 1096
359 28 1097
1091 368 1098
402 28 1099
8 184 1100
584 217 1101
201 242 1102
608 969 1103
197 615 1104
359 21 1105
302 22 1106
173 978 1107
898 234 1108
813 184 1109
501 170 1110
660 333 1111
11 6 1112
10 22 1113
393 5 1114
20 190 1115
202 491 1116
909 45 1117
8 393 1118
522 20 1119
835 6 1120
642 611 1121
556 12 1122
205 8 1123
227 26 1124
171 10 1125
6 37 1126
414 21 1127
382 21 1128
246 32 1129
300 266 1130
186 188 1131
17 5 1132
172 21 1133
594 189 1134
179 229 1135
223 248 1136
1052 252 1137
644 171 1138
431 28 1139
192 6 1140
29 5 1141
171 189 1142
1084 827 1143
850 21 1144
607 21 1145
385 30 1146
733 22 1147
468 30 1148
400 12 1149
18 484 1150
428 256 1151
12 221 1152
795 837 1153
394 193 1154
853 26 1155
598 21 1156
181 363 1157
185 234 1158
1023 198 1159
181 188 1160
6 25 1161
17 20 1162
199 5 1163
203 15 1164
330 17 1165
6 375 1166
1147 693 1167
900 184 1168
175 16 1169
8 823 1170
478 11 1171
283 244 1172
844 6 1173
185 188 1174
22 192 1175
715 11 1176
1141 435 1177
201 15 1178
1016 614 1179
182 890 1180
886 27 1181
640 34 1182
197 327 1183
4 29 1184
806 6 1185
227 204 1186
830 469 1187
196 895 1188
545 28 1189
390 28 1190
364 206 1191
201 248 1192
205 386 1193
1187 758 1194
1160 253 1195
1031 625 1196
786 426 1197
189 344 1198
227 22 1199
845 1015 1200
196 217 1201
190 6 1202
889 1102 1203
173 5 1204
13 189 1205
364 223 1206
22 10 1207
193 12 1208
324 1198 1209
1064 16 1210
1011 906 1211
607 28 1212
178 200 1213
8 37 1214
325 177 1215
6 229 1216
641 201 1217
621 587 1218
923 176 1219
881 199 1220
722 628 1221
1166 687 1222
275 1222 1223
185 226 1224
191 849 1225
247 7 1226
47 24 1227
874 193 1228
9 226 1229
207 826 1230
295 28 1231
17 6 1232
1203 243 1233
235 13 1234
186 14 1235
185 1227 1236
5 18 1237
175 204 1238
173 184 1239
429 23 1240
206 26 1241
185 223 1242
501 1136 1243
339 12 1244
428 278 1245
17 192 1246
19 16 1247
673 904 1248
861 193 1249
4 307 1250
838 396 1251
215 13 1252
370 20 1253
1157 206 1254
605 619 1255
8 228 1256
1130 188 1257
532 170 1258
186 224 1259
1153 193 1260
471 177 1261
451 28 1262
207 302 1263
196 1217 1264
1033 201 1265
998 540 1266
339 525 1267
492 28 1268
10 503 1269
217 655 1270
254 21 1271
1258 1270 1272
1223 484 1273
1210 860 1274
246 44 1275
13 377 1276
1265 370 1277
914 20 1278
185 826 1279
447 28 1280
4 397 1281
391 1175 1282
4 893 1283
187 503 1284
14 6 1285
222 19 1286
34 30 1287
234 27 1288
18 174 1289
10 28 1290
197 201 1291
175 10 1292
700 36 1293
468 380 1294
879 21 1295
169 459 1296
222 370 1297
966 206 1298
37 14 1299
20 393 1300
219 12 1301
529 893 1302
180 5 1303
1116 12 1304
428 1076 1305
997 511 1306
175 638 1307
260 226 1308
1307 362 1309
36 7 1310
201 17 1311
1281 224 1312
319 21 1313
226 6 1314
235 223 1315
952 193 1316
223 253 1317
246 31 1318
17 171 1319
204 5 1320
1263 256 1321
19 27 1322
784 301 1323
199 204 1324
724 28 1325
222 10 1326
26 17 1327
202 23 1328
8 26 1329
242 286 1330
866 255 1331
182 189 1332
429 1310 1333
8 28 1334
215 206 1335
1277 234 1336
416 6 1337
16 206 1338
175 256 1339
286 12 1340
8 20 1341
20 815 1342
675 204 1343
185 24 1344
4 1343 1345
202 212 1346
1289 404 1347
1061 842 1348
471 992 1349
845 351 1350
197 194 1351
170 504 1352
169 18 1353
491 22 1354
996 1118 1355
973 325 1356
886 810 1357
4 263 1358
14 10 1359
649 8 1360
925 204 1361
510 256 1362
222 399 1363
309 190 1364
1344 35 1365
643 380 1366
246 39 1367
16 6 1368
1191 1096 1369
197 913 1370
805 21 1371
595 28 1372
547 21 1373
353 193 1374
205 208 1375
10 272 1376
246 46 1377
248 21 1378
529 1229 1379
7 193 1380
204 6 1381
24 1199 1382
175 208 1383
186 184 1384
182 508 1385
237 15 1386
222 1215 1387
865 333 1388
699 380 1389
17 188 1390
224 193 1391
1226 405 1392
1143 663 1393
268 258 1394
179 200 1395
406 12 1396
9 302 1397
937 303 1398
725 739 1399
331 21 1400
173 192 1401
339 363 1402
12 6 1403
24 327 1404
8 21 1405
27 6 1406
529 1354 1407
7 190 1408
864 663 1409
752 21 1410
479 27 1411
5 174 1412
13 223 1413
1291 737 1414
980 21 1415
372 352 1416
204 543 1417
19 212 1418
342 190 1419
197 190 1420
202 26 1421
7 28 1422
1030 352 1423
967 217 1424
282 515 1425
171 12 1426
7 242 1427
1332 413 1428
1264 252 1429
342 1037 1430
938 641 1431
724 21 1432
246 38 1433
181 206 1434
5 224 1435
389 1192 1436
973 1038 1437
669 380 1438
642 541 1439
201 170 1440
20 174 1441
1375 243 1442
24 6 1443
227 256 1444
537 28 1445
186 338 1446
181 184 1447
196 625 1448
4 228 1449
12 675 1450
202 9 1451
1424 218 1452
29 18 1453
180 12 1454
205 615 1455
364 475 1456
1455 758 1457
21 34 1458
197 184 1459
24 10 1460
1407 217 1461
176 212 1462
265 21 1463
20 10 1464
806 599 1465
467 177 1466
1024 200 1467
861 541 1468
181 174 1469
1090 193 1470
339 539 1471
1174 1237 1472
17 895 1473
825 327 1474
414 28 1475
202 6 1476
1364 1330 1477
207 1034 1478
889 258 1479
874 541 1480
495 352 1481
1245 1473 1482
631 1435 1483
25 228 1484
222 1327 1485
468 34 1486
306 189 1487
803 904 1488
207 687 1489
173 597 1490
1472 198 1491
26 1338 1492
1257 460 1493
1255 234 1494
1043 334 1495
29 681 1496
202 656 1497
202 361 1498
1496 1251 1499
189 5 1500
1062 7 1501
176 11 1502
1456 204 1503
265 1021 1504
235 516 1505
246 43 1506
234 7 1507
169 22 1508
371 1417 1509
284 1352 1510
688 1122 1511
740 12 1512
262 24 1513
7 450 1514
181 204 1515
1362 1037 1516
186 6 1517
458 1176 1518
829 737 1519
197 517 1520
234 6 1521
175 370 1522
529 7 1523
19 204 1524
382 34 1525
878 21 1526
789 632 1527
594 482 1528
16 192 1529
289 11 1530
19 22 1531
1012 1241 1532
798 242 1533
501 36 1534
394 21 1535
14 5 1536
1309 254 1537
7 192 1538
528 1177 1539
528 822 1540
579 819 1541
439 254 1542
5 192 1543
8 253 1544
265 1514 1545
1434 192 1546
241 5 1547
347 1021 1548
1001 193 1549
182 1548 1550
303 13 1551
195 960 1552
947 21 1553
880 34 1554
205 538 1555
16 15 1556
608 524 1557
364 601 1558
502 11 1559
678 22 1560
743 12 1561
1513 751 1562
966 1276 1563
1050 1186 1564
917 21 1565
286 908 1566
679 21 1567
281 474 1568
282 28 1569
246 42 1570
5 25 1571
19 248 1572
205 6 1573
996 614 1574
187 278 1575
1498 15 1576
11 26 1577
314 1408 1578
245 1317 1579
951 622 1580
873 21 1581
23 5 1582
638 1566 1583
1200 29 1584
989 1583 1585
509 1542 1586
234 192 1587
355 1376 1588
605 1114 1589
205 19 1590
786 15 1591
618 1391 1592
1244 26 1593
752 28 1594
1171 184 1595
172 200 1596
276 333 1597
20 396 1598
188 234 1599
1559 479 1600
1158 1492 1601
1395 172 1602
1206 1324 1603
813 790 1604
750 188 1605
453 21 1606
175 287 1607
1605 334 1608
182 171 1609
26 6 1610
471 25 1611
635 172 1612
196 226 1613
196 204 1614
342 10 1615
1353 253 1616
253 12 1617
364 1115 1618
488 663 1619
495 482 1620
169 307 1621
185 184 1622
608 184 1623
1029 193 1624
1019 5 1625
4 666 1626
182 548 1627
238 28 1628
207 1556 1629
342 1411 1630
1383 170 1631
181 1253 1632
182 968 1633
932 663 1634
342 204 1635
1017 1598 1636
1584 1397 1637
15 188 1638
852 396 1639
175 693 1640
307 224 1641
1201 1544 1642
202 174 1643
905 12 1644
760 189 1645
555 462 1646
185 290 1647
4 36 1648
181 201 1649
192 10 1650
185 215 1651
281 1440 1652
951 515 1653
529 256 1654
196 188 1655
1618 214 1656
213 352 1657
342 1444 1658
15 6 1659
229 6 1660
583 30 1661
445 21 1662
331 344 1663
311 28 1664
1642 491 1665
5 26 1666
1627 16 1667
661 10 1668
182 201 1669
7 8 1670
1069 198 1671
1017 662 1672
17 929 1673
4 448 1674
432 401 1675
49 21 1676
930 22 1677
1447 567 1678
339 1427 1679
173 968 1680
923 36 1681
4 217 1682
1646 234 1683
1446 935 1684
1218 172 1685
1072 868 1686
281 1034 1687
173 1671 1688
1626 184 1689
1119 1612 1690
263 14 1691
1305 184 1692
197 215 1693
1162 201 1694
15 264 1695
197 548 1696
173 514 1697
445 28 1698
319 28 1699
29 171 1700
1591 1066 1701
187 1572 1702
17 10 1703
1328 10 1704
427 1319 1705
1300 198 1706
938 593 1707
784 270 1708
382 333 1709
248 28 1710
186 19 1711
12 20 1712
185 9 1713
1386 1247 1714
185 192 1715
1050 870 1716
661 224 1717
196 656 1718
501 200 1719
260 214 1720
203 18 1721
13 171 1722
222 5 1723
222 190 1724
1586 461 1725
1259 1499 1726
8 33 1727
1451 279 1728
7 562 1729
187 460 1730
335 21 1731
233 21 1732
19 174 1733
532 20 1734
705 1673 1735
501 539 1736
931 911 1737
289 18 1738
4 21 1739
10 14 1740
398 1706 1741
262 1695 1742
193 344 1743
1665 1543 1744
1462 201 1745
1165 199 1746
718 28 1747
4 687 1748
23 597 1749
527 416 1750
365 22 1751
186 325 1752
1730 192 1753
534 17 1754
275 13 1755
507 1413 1756
197 625 1757
523 21 1758
29 15 1759
22 224 1760
1635 224 1761
1315 26 1762
788 629 1763
778 21 1764
173 212 1765
638 347 1766
48 1763 1767
1717 562 1768
1035 1767 1769
260 1768 1770
12 14 1771
8 36 1772
202 223 1773
180 189 1774
1158 831 1775
931 890 1776
898 815 1777
735 28 1778
182 489 1779
185 266 1780
14 617 1781
1651 1766 1782
205 194 1783
281 10 1784
1278 695 1785
483 28 1786
1780 224 1787
202 227 1788
8 174 1789
502 12 1790
12 176 1791
365 253 1792
1297 189 1793
1061 1256 1794
718 21 1795
185 540 1796
502 176 1797
311 344 1798
1792 567 1799
37 5 1800
17 204 1801
1634 1150 1802
173 6 1803
1183 12 1804
196 929 1805
926 380 1806
359 521 1807
184 303 1808
19 219 1809
310 7 1810
1694 908 1811
1669 807 1812
4 19 1813
1261 26 1814
1204 23 1815
859 21 1816
213 810 1817
683 193 1818
1797 1811 1819
433 189 1820
281 6 1821
1304 18 1822
1142 5 1823
185 1106 1824
13 198 1825
199 6 1826
203 1745 1827
1697 13 1828
579 20 1829
175 13 1830
527 617 1831
400 28 1832
297 28 1833
207 189 1834
378 19 1835
1169 1599 1836
891 28 1837
769 21 1838
37 37 1839
8 369 1840
1396 512 1841
1218 1133 1842
432 21 1843
171 11 1844
207 180 1845
1754 662 1846
1421 1342 1847
1239 386 1848
741 401 1849
740 344 1850
527 26 1851
431 12 1852
205 41 1853
181 5 1854
182 5 1855
1824 204 1856
1796 1170 1857
913 248 1858
174 25 1859
16 189 1860
1044 1450 1861
805 28 1862
182 717 1863
170 5 1864
605 393 1865
914 17 1866
207 613 1867
534 206 1868
501 363 1869
260 21 1870
186 254 1871
206 7 1872
17 24 1873
204 21 1874
505 921 1875
686 810 1876
265 28 1877
1840 1524 1878
1164 1878 1879
197 19 1880
1159 193 1881
944 21 1882
186 301 1883
173 258 1884
192 264 1885
1799 286 1886
4 189 1887
1348 1092 1888
665 1177 1889
786 177 1890
408 416 1891
10 206 1892
25 1335 1893
931 1817 1894
937 172 1895
825 15 1896
813 524 1897
640 32 1898
547 176 1899
245 409 1900
173 302 1901
186 287 1902
1851 204 1903
196 184 1904
33 6 1905
342 1823 1906
342 1216 1907
1004 609 1908
202 201 1909
192 5 1910
548 15 1911
22 6 1912
1165 302 1913
260 1163 1914
771 26 1915
466 344 1916
276 32 1917
239 24 1918
242 215 1919
16 227 1920
22 189 1921
25 192 1922
306 193 1923
1103 21 1924
806 601 1925
339 706 1926
205 450 1927
1926 1919 1928
173 491 1929
20 287 1930
871 1641 1931
1420 1404 1932
1293 1124 1933
404 1269 1934
1131 1152 1935
743 1934 1936
1049 370 1937
222 459 1938
205 1936 1939
222 1596 1940
851 7 1941
476 1551 1942
202 1288 1943
185 485 1944
1011 539 1945
24 625 1946
281 199 1947
185 224 1948
16 26 1949
16 483 1950
460 28 1951
652 1002 1952
289 16 1953
198 511 1954
196 26 1955
222 13 1956
171 8 1957
644 22 1958
332 5 1959
1546 193 1960
527 17 1961
1398 28 1962
200 6 1963
1049 1094 1964
190 1066 1965
934 12 1966
789 256 1967
623 193 1968
25 407 1969
920 10 1970
325 15 1971
468 21 1972
342 5 1973
1001 541 1974
180 870 1975
241 838 1976
740 401 1977
276 39 1978
29 218 1979
729 1975 1980
214 12 1981
175 26 1982
13 193 1983
300 1808 1984
179 17 1985
174 783 1986
1467 1340 1987
688 556 1988
1019 193 1989
952 541 1990
568 790 1991
179 737 1992
185 717 1993
4 57 1994
181 227 1995
12 16 1996
209 10 1997
201 22 1998
389 9 1999
241 188 2000
254 28 2001
1667 464 2002
197 1252 2003
1117 12 2004
829 274 2005
754 12 2006
2005 347 2007
186 363 2008
201 26 2009
179 9 2010
1868 1007 2011
25 6 2012
484 7 2013
1419 701 2014
1278 604 2015
991 333 2016
750 184 2017
276 44 2018
711 192 2019
773 10 2020
199 28 2021
176 12 2022
17 393 2023
370 24 2024
235 8 2025
1775 189 2026
190 11 2027
241 184 2028
209 6 2029
1293 1418 2030
231 6 2031
1058 21 2032
339 731 2033
364 599 2034
260 301 2035
241 287 2036
180 217 2037
17 184 2038
199 7 2039
1920 1152 2040
522 2040 2041
1575 6 2042
342 634 2043
638 303 2044
520 313 2045
397 20 2046
10 16 2047
10 706 2048
1702 675 2049
1696 20 2050
202 1487 2051
925 21 2052
731 204 2053
2030 351 2054
378 2019 2055
1611 327 2056
1285 263 2057
509 1170 2058
569 218 2059
173 489 2060
181 200 2061
345 23 2062
235 2046 2063
1773 176 2064
1913 204 2065
9 512 2066
33 5 2067
389 1825 2068
997 1645 2069
260 190 2070
196 416 2071
1204 352 2072
1004 911 2073
975 21 2074
843 396 2075
640 38 2076
595 21 2077
561 11 2078
286 344 2079
276 42 2080
287 1113 2081
198 204 2082
59 10 2083
171 193 2084
1854 215 2085
933 15 2086
543 22 2087
2063 286 2088
14 613 2089
222 204 2090
203 1979 2091
180 248 2092
483 21 2093
1948 1582 2094
479 7 2095
2094 188 2096
1143 1657 2097
1655 19 2098
1299 208 2099
1104 21 2100
989 9 2101
922 21 2102
830 16 2103
518 26 2104
421 228 2105
382 32 2106
350 21 2107
222 224 2108
215 7 2109
2089 357 2110
2055 1500 2111
5 20 2112
190 543 2113
4 215 2114
25 204 2115
1705 204 2116
1830 562 2117
1568 930 2118
1304 308 2119
946 1092 2120
703 12 2121
251 27 2122
26 28 2123
522 2110 2124
186 212 2125
2025 636 2126
22 171 2127
13 184 2128
193 401 2129
199 21 2130
1776 473 2131
1643 1342 2132
205 1311 2133
1148 333 2134
878 28 2135
769 28 2136
640 39 2137
528 21 2138
523 28 2139
318 28 2140
19 352 2141
302 11 2142
11 8 2143
789 10 2144
26 21 2145
10 172 2146
1976 193 2147
9 198 2148
1879 396 2149
263 12 2150
1788 27 2151
235 1733 2152
186 1507 2153
835 599 2154
775 261 2155
608 6 2156
187 212 2157
182 200 2158
2153 1809 2159
234 10 2160
2159 823 2161
287 6 2162
10 5 2163
205 192 2164
2105 1124 2165
170 2165 2166
27 10 2167
222 184 2168
502 16 2169
29 23 2170
1867 9 2171
188 12 2172
2171 908 2173
1693 272 2174
1609 253 2175
1171 524 2176
178 957 2177
871 180 2178
834 21 2179
339 20 2180
444 214 2181
1721 1311 2182
223 28 2183
1489 7 2184
527 706 2185
276 31 2186
19 280 2187
416 10 2188
24 215 2189
199 12 2190
184 313 2191
266 352 2192
262 12 2193
476 17 2194
207 306 2195
502 1484 2196
989 19 2197
944 28 2198
275 940 2199
912 439 2200
16 766 2201
716 21 2202
185 676 2203
648 21 2204
276 43 2205
196 200 2206
280 15 2207
864 17 2208
188 6 2209
2008 212 2210
180 8 2211
19 192 2212
370 6 2213
1679 264 2214
1351 717 2215
433 1347 2216
2215 226 2217
721 1208 2218
1123 426 2219
309 1115 2220
1085 21 2221
185 635 2222
186 619 2223
207 448 2224
431 344 2225
379 28 2226
186 217 2227
197 26 2228
185 200 2229
196 263 2230
192 8 2231
2056 26 2232
11 485 2233
10 255 2234
13 368 2235
169 19 2236
532 24 2237
1794 396 2238
1738 978 2239
14 504 2240
207 1639 2241
1392 556 2242
1346 1094 2243
1072 5 2244
754 512 2245
175 738 2246
640 42 2247
282 622 2248
561 404 2249
275 475 2250
448 214 2251
312 188 2252
2219 2249 2253
2182 244 2254
207 223 2255
23 347 2256
256 5 2257
2010 1801 2258
7 176 2259
1890 347 2260
175 1858 2261
1449 615 2262
1392 1122 2263
1030 189 2264
1027 706 2265
925 28 2266
181 726 2267
703 344 2268
453 12 2269
60 380 2270
367 280 2271
289 15 2272
48 201 2273
183 2273 2274
197 204 2275
25 8 2276
222 188 2277
916 176 2278
1063 26 2279
795 20 2280
2041 12 2281
1831 1729 2282
1765 1251 2283
829 7 2284
1359 255 2285
1128 34 2286
905 401 2287
824 21 2288
648 28 2289
381 272 2290
245 20 2291
340 263 2292
18 597 2293
661 6 2294
29 20 2295
181 370 2296
198 6 2297
358 10 2298
205 188 2299
15 184 2300
222 491 2301
916 7 2302
201 483 2303
1560 254 2304
1996 711 2305
209 14 2306
1807 1133 2307
1689 969 2308
241 1507 2309
1457 396 2310
1239 842 2311
1179 21 2312
991 30 2313
608 790 2314
767 28 2315
694 28 2316
683 21 2317
389 663 2318
624 21 2319
222 597 2320
505 28 2321
202 448 2322
1466 2305 2323
690 2293 2324
652 171 2325
190 8 2326
16 8 2327
11 12 2328
186 8 2329
866 172 2330
185 201 2331
19 338 2332
2151 377 2333
223 21 2334
1947 314 2335
18 5 2336
194 24 2337
237 1390 2338
241 483 2339
181 347 2340
185 229 2341
186 206 2342
460 13 2343
2335 17 2344
188 22 2345
474 24 2346
2199 274 2347
37 935 2348
320 1923 2349
1865 717 2350
256 8 2351
1803 36 2352
1449 491 2353
1412 263 2354
257 217 2355
222 625 2356
443 12 2357
186 351 2358
335 40 2359
207 313 2360
340 17 2361
1959 190 2362
528 29 2363
498 12 2364
871 416 2365
367 10 2366
1845 24 2367
1479 28 2368
1464 287 2369
1315 1015 2370
1194 28 2371
1090 541 2372
281 641 2373
522 256 2374
400 401 2375
4 193 2376
181 15 2377
19 8 2378
192 12 2379
2358 1337 2380
570 26 2381
14 370 2382
2142 193 2383
239 2053 2384
251 15 2385
2033 21 2386
1869 193 2387
1782 12 2388
1728 12 2389
1441 617 2390
309 1441 2391
467 1207 2392
952 611 2393
185 911 2394
186 793 2395
777 21 2396
571 28 2397
186 483 2398
362 393 2399
196 361 2400
2399 280 2401
187 2401 2402
2246 2390 2403
201 264 2404
355 12 2405
400 2343 2406
180 199 2407
2196 221 2408
10 24 2409
1790 2092 2410
1943 224 2411
19 6 2412
1282 234 2413
1005 28 2414
355 992 2415
830 788 2416
502 18 2417
490 28 2418
22 609 2419
2344 906 2420
200 193 2421
196 229 2422
314 2187 2423
185 174 2424
2133 198 2425
206 15 2426
1751 1276 2427
288 12 2428
468 1578 2429
1393 28 2430
1119 1301 2431
1242 5 2432
1193 524 2433
1164 543 2434
1085 28 2435
939 29 2436
339 906 2437
669 333 2438
232 28 2439
222 212 2440
10 177 2441
9 200 2442
6 170 2443
204 15 2444
2374 1885 2445
29 7 2446
202 2189 2447
22 325 2448
1945 12 2449
207 1691 2450
1530 661 2451
1181 344 2452
2451 270 2453
559 846 2454
4 717 2455
643 30 2456
498 21 2457
195 360 2458
6 10 2459
187 13 2460
201 18 2461
227 6 2462
2222 706 2463
338 25 2464
2017 1587 2465
174 12 2466
370 12 2467
205 190 2468
181 172 2469
185 208 2470
555 1186 2471
932 562 2472
922 28 2473
2472 206 2474
603 747 2475
725 15 2476
640 31 2477
527 267 2478
205 392 2479
376 193 2480
185 375 2481
478 5 2482
10 170 2483
266 6 2484
24 5 2485
209 190 2486
207 192 2487
22 190 2488
11 184 2489
209 19 2490
461 21 2491
185 325 2492
18 2104 2493
1995 712 2494
291 1986 2495
2494 1949 2496
1459 1954 2497
1787 21 2498
736 1577 2499
1486 333 2500
1384 18 2501
1322 224 2502
1297 5 2503
207 819 2504
683 244 2505
262 177 2506
1235 2502 2507
204 461 2508
209 9 2509
393 217 2510
17 190 2511
241 234 2512
198 12 2513
260 2383 2514
196 201 2515
2342 223 2516
1505 193 2517
189 788 2518
176 231 2519
2059 12 2520
721 1743 2521
1240 1712 2522
1244 242 2523
1206 675 2524
185 1178 2525
527 1132 2526
366 1124 2527
955 31 2528
829 12 2529
669 30 2530
431 401 2531
235 363 2532
205 287 2533
207 41 2534
563 26 2535
175 215 2536
182 190 2537
222 8 2538
307 215 2539
2403 217 2540
8 201 2541
1740 11 2542
222 223 2543
1504 189 2544
173 1216 2545
205 680 2546
205 224 2547
206 177 2548
11 10 2549
5 17 2550
20 292 2551
488 263 2552
474 8 2553
1568 2354 2554
209 204 2555
275 231 2556
17 217 2557
554 2109 2558
2103 477 2559
182 6 2560
1547 1760 2561
195 172 2562
1358 193 2563
690 1347 2564
771 1314 2565
179 1132 2566
1081 21 2567
547 1051 2568
186 911 2569
909 189 2570
834 28 2571
398 755 2572
712 256 2573
696 344 2574
522 460 2575
501 347 2576
331 28 2577
514 27 2578
2562 2235 2579
203 253 2580
174 17 2581
16 16 2582
2417 2078 2583
203 25 2584
26 11 2585
2195 352 2586
259 2163 2587
818 2099 2588
18 7 2589
1282 2037 2590
29 1969 2591
1385 743 2592
1474 1150 2593
1454 192 2594
1386 19 2595
1385 12 2596
1331 21 2597
1309 1271 2598
830 1300 2599
1242 215 2600
1100 264 2601
1029 524 2602
1028 12 2603
1007 561 2604
185 818 2605
398 706 2606
186 304 2607
262 303 2608
169 206 2609
52 11 2610
27 14 2611
173 2573 2612
2568 551 2613
8 370 2614
509 2518 2615
527 12 2616
4 184 2617
693 234 2618
674 2349 2619
529 17 2620
204 28 2621
2197 253 2622
742 2141 2623
187 2044 2624
1856 1561 2625
232 1676 2626
1477 393 2627
1469 783 2628
1382 28 2629
1351 352 2630
1107 396 2631
281 1087 2632
1029 184 2633
874 611 2634
840 344 2635
207 208 2636
246 573 2637
339 177 2638
214 360 2639
173 327 2640
196 266 2641
484 27 2642
2169 2601 2643
198 10 2644
175 190 2645
222 214 2646
555 302 2647
488 213 2648
2398 2348 2649
406 7 2650
281 661 2651
2261 514 2652
2158 256 2653
173 171 2654
25 189 2655
232 49 2656
205 439 2657
1385 1561 2658
1545 21 2659
20 1301 2660
382 1287 2661
844 1125 2662
340 1076 2663
861 611 2664
185 715 2665
640 43 2666
171 551 2667
428 24 2668
358 201 2669
175 308 2670
230 27 2671
339 303 2672
1502 12 2673
228 26 2674
205 370 2675
14 192 2676
209 11 2677
983 6 2678
175 199 2679
2376 360 2680
2367 199 2681
2680 1256 2682
2280 304 2683
2252 609 2684
247 2023 2685
725 1922 2686
1901 1096 2687
1550 5 2688
1534 21 2689
1494 982 2690
1358 217 2691
1191 758 2692
225 1112 2693
779 28 2694
687 234 2695
533 504 2696
469 192 2697
468 32 2698
331 401 2699
185 304 2700
2685 2604 2701
184 204 2702
24 192 2703
14 8 2704
618 17 2705
21 42 2706
247 13 2707
174 16 2708
365 2423 2709
1859 2233 2710
2081 815 2711
1871 1324 2712
1835 234 2713
1822 184 2714
212 192 2715
1615 1114 2716
1195 21 2717
209 1038 2718
1004 192 2719
990 217 2720
905 28 2721
235 833 2722
777 28 2723
228 766 2724
564 410 2725
510 18 2726
498 28 2727
4 405 2728
382 42 2729
202 12 2730
4 30 2731
562 26 2732
644 172 2733
6 263 2734
1927 2710 2735
1328 171 2736
17 224 2737
37 10 2738
488 2674 2739
17 12 2740
186 2642 2741
795 8 2742
1469 2594 2743
6 23 2744
1752 2419 2745
19 36 2746
814 192 2747
2230 234 2748
281 189 2749
173 172 2750
1711 184 2751
765 1638 2752
1571 10 2753
1078 11 2754
652 243 2755
300 343 2756
58 255 2757
4 71 2758
487 8 2759
1346 20 2760
2741 1668 2761
20 227 2762
310 16 2763
173 229 2764
186 171 2765
2583 460 2766
182 2578 2767
1116 2539 2768
287 15 2769
26 12 2770
202 306 2771
186 219 2772
21 39 2773
169 5 2774
2251 396 2775
6 5 2776
2239 193 2777
2152 1051 2778
188 28 2779
199 189 2780
2020 10 2781
1909 172 2782
227 18 2783
1856 743 2784
1829 489 2785
1654 280 2786
309 20 2787
2786 758 2788
1401 21 2789
1255 815 2790
1193 184 2791
900 790 2792
202 894 2793
880 32 2794
281 711 2795
644 33 2796
26 347 2797
241 213 2798
202 474 2799
827 192 2800
36 2775 2801
260 174 2802
2391 2801 2803
197 2757 2804
413 200 2805
203 2696 2806
579 2805 2807
204 12 2808
27 8 2809
8 170 2810
720 2639 2811
9 474 2812
268 192 2813
555 19 2814
2447 2211 2815
212 6 2816
473 6 2817
12 2192 2818
1861 28 2819
1810 1170 2820
1615 1087 2821
1525 333 2822
468 1287 2823
527 1246 2824
1103 28 2825
1090 611 2826
196 892 2827
873 12 2828
867 20 2829
820 21 2830
740 611 2831
500 28 2832
382 39 2833
196 250 2834
202 200 2835
231 228 2836
7 313 2837
13 489 2838
1286 266 2839
175 206 2840
2799 243 2841
205 199 2842
7 325 2843
842 460 2844
2673 852 2845
359 12 2846
2501 2095 2847
37 184 2848
2157 2127 2849
1944 189 2850
188 21 2851
1724 511 2852
188 11 2853
932 1617 2854
1345 396 2855
1302 1340 2856
1308 21 2857
1298 21 2858
1194 21 2859
1167 396 2860
277 927 2861
850 28 2862
640 46 2863
4 613 2864
187 396 2865
382 44 2866
288 344 2867
4 74 2868
289 7 2869
2865 1162 2870
522 827 2871
1062 16 2872
2871 201 2873
190 28 2874
522 2845 2875
2575 2836 2876
514 20 2877
933 8 2878
205 204 2879
196 302 2880
303 33 2881
13 393 2882
190 21 2883
264 13 2884
37 26 2885
325 22 2886
222 325 2887
2542 1106 2888
171 482 2889
2168 1246 2890
305 1911 2891
1751 511 2892
1600 1122 2893
1579 21 2894
382 1578 2895
1495 21 2896
1305 790 2897
186 223 2898
1272 21 2899
1201 373 2900
429 913 2901
880 39 2902
860 21 2903
187 170 2904
699 30 2905
205 40 2906
175 193 2907
199 352 2908
2900 2115 2909
226 12 2910
173 204 2911
36 8 2912
2849 204 2913
29 13 2914
1044 2818 2915
197 171 2916
201 12 2917
2047 2732 2918
186 234 2919
641 2918 2920
189 2697 2921
2608 396 2922
2227 2921 2923
14 19 2924
2506 199 2925
2476 217 2926
488 192 2927
22 227 2928
2101 1774 2929
181 2013 2930
207 852 2931
1714 1378 2932
1485 28 2933
1476 475 2934
1282 1303 2935
1067 21 2936
389 601 2937
382 43 2938
197 347 2939
202 263 2940
178 230 2941
204 170 2942
501 23 2943
4 35 2944
200 7 2945
377 217 2946
10 287 2947
200 234 2948
23 2888 2949
25 171 2950
2311 2949 2951
196 484 2952
184 7 2953
9 180 2954
24 8 2955
180 21 2956
2512 171 2957
209 193 2958
2064 2493 2959
543 10 2960
2298 712 2961
2011 1163 2962
1431 1946 2963
1588 675 2964
1550 352 2965
1351 189 2966
916 1317 2967
17 292 2968
4 1087 2969
784 416 2970
711 717 2971
389 599 2972
175 562 2973
443 193 2974
186 416 2975
340 177 2976
1647 2971 2977
5 24 2978
784 2942 2979
208 256 2980
200 227 2981
207 26 2982
24 484 2983
19 28 2984
2807 1639 2985
187 15 2986
2228 15 2987
2764 731 2988
2763 1256 2989
27 26 2990
52 23 2991
2718 11 2992
17 199 2993
174 23 2994
20 6 2995
207 190 2996
6 362 2997
1807 172 2998
687 7 2999
1714 248 3000
1700 256 3001
1682 264 3002
1550 901 3003
1431 21 3004
851 1422 3005
580 1380 3006
926 30 3007
900 524 3008
241 860 3009
207 439 3010
241 489 3011
186 302 3012
276 46 3013
4 229 3014
771 6 3015
206 25 3016
29 338 3017
287 8 3018
184 6 3019
652 483 3020
2873 193 3021
2872 743 3022
185 199 3023
222 6 3024
5 27 3025
2839 217 3026
2751 927 3027
200 12 3028
2569 217 3029
342 234 3030
2463 12 3031
1226 2355 3032
2220 176 3033
555 2150 3034
364 16 3035
1412 1930 3036
1827 12 3037
18 3036 3038
342 8 3039
1752 483 3040
1329 6 3041
328 1246 3042
853 1152 3043
209 1126 3044
178 1114 3045
186 1100 3046
909 5 3047
859 28 3048
835 601 3049
825 206 3050
741 344 3051
696 12 3052
623 611 3053
468 44 3054
342 69 3055
825 199 3056
1017 3038 3057
222 9 3058
7 215 3059
25 224 3060
2940 1529 3061
215 338 3062
2840 2112 3063
2802 231 3064
17 229 3065
2788 870 3066
579 930 3067
2672 360 3068
27 17 3069
173 338 3070
173 215 3071
644 2407 3072
265 12 3073
1621 1965 3074
1953 172 3075
27 224 3076
487 1872 3077
1866 180 3078
175 1772 3079
1622 1722 3080
1711 338 3081
1683 982 3082
1471 217 3083
1188 21 3084
1081 28 3085
29 927 3086
916 19 3087
703 401 3088
640 44 3089
173 227 3090
586 15 3091
468 333 3092
453 28 3093
289 416 3094
4 224 3095
277 12 3096
18 1178 3097
1822 254 3098
172 17 3099
3011 2797 3100
20 7 3101
347 171 3102
635 25 3103
177 6 3104
563 189 3105
527 24 3106
175 198 3107
11 189 3108
301 286 3109
22 188 3110
2596 2783 3111
2778 192 3112
1999 193 3113
2687 204 3114
555 214 3115
241 8 3116
186 199 3117
2353 460 3118
187 12 3119
2237 171 3120
1982 1791 3121
1958 11 3122
1679 1921 3123
378 1910 3124
1600 556 3125
1477 10 3126
1308 193 3127
1298 28 3128
185 1199 3129
673 1142 3130
332 1113 3131
213 894 3132
186 711 3133
688 308 3134
660 31 3135
3134 302 3136
426 5 3137
468 42 3138
311 401 3139
340 362 3140
498 15 3141
2180 3132 3142
3124 1789 3143
22 19 3144
171 242 3145
169 27 3146
8 360 3147
413 10 3148
16 551 3149
1353 3148 3150
3078 482 3151
192 483 3152
199 483 3153
13 482 3154
1339 2947 3155
196 227 3156
1871 199 3157
2436 2800 3158
1130 2724 3159
194 20 3160
866 2708 3161
2652 193 3162
2599 1874 3163
1286 2588 3164
15 370 3165
391 2300 3166
2275 18 3167
2265 193 3168
561 2259 3169
2250 1645 3170
229 16 3171
2131 193 3172
2086 614 3173
605 2048 3174
1043 1774 3175
1667 194 3176
222 172 3177
1562 21 3178
1429 21 3179
398 20 3180
1403 23 3181
725 704 3182
1254 21 3183
1129 333 3184
1019 541 3185
880 31 3186
699 333 3187
389 641 3188
241 613 3189
186 489 3190
468 31 3191
169 462 3192
29 459 3193
378 9 3194
196 32 3195
330 24 3196
2362 3193 3197
214 940 3198
1214 5 3199
45 12 3200
2537 3181 3201
33 10 3202
555 14 3203
175 184 3204
345 172 3205
170 617 3206
215 635 3207
263 852 3208
942 18 3209
539 5 3210
186 198 3211
3034 543 3212
174 13 3213
13 747 3214
196 223 3215
174 15 3216
2928 1078 3217
281 3217 3218
1235 2920 3219
393 28 3220
2901 1404 3221
173 19 3222
485 6 3223
2628 421 3224
2522 711 3225
3224 988 3226
219 28 3227
2338 929 3228
1348 460 3229
181 306 3230
186 201 3231
14 200 3232
1988 344 3233
1928 12 3234
1776 548 3235
1482 12 3236
1396 896 3237
209 1202 3238
281 1178 3239
1048 21 3240
1027 503 3241
995 852 3242
963 21 3243
937 706 3244
879 28 3245
195 807 3246
196 548 3247
532 177 3248
522 278 3249
295 515 3250
4 450 3251
732 189 3252
8 263 3253
227 7 3254
821 3169 3255
3142 1140 3256
370 190 3257
8 212 3258
467 20 3259
27 28 3260
11 599 3261
287 10 3262
302 5 3263
222 2999 3264
2985 28 3265
1538 2983 3266
12 253 3267
191 3266 3268
207 188 3269
14 287 3270
209 215 3271
2774 264 3272
201 6 3273
448 24 3274
2600 1521 3275
212 189 3276
2341 15 3277
188 1950 3278
1918 28 3279
1880 6 3280
1530 551 3281
1520 28 3282
186 1214 3283
1071 21 3284
1030 217 3285
1014 28 3286
342 968 3287
840 401 3288
527 783 3289
181 198 3290
181 477 3291
429 217 3292
339 287 3293
196 301 3294
4 280 3295
200 37 3296
283 27 3297
559 7 3298
202 192 3299
302 6 3300
3272 192 3301
579 24 3302
14 393 3303
27 229 3304
266 188 3305
209 5 3306
389 5 3307
3161 1529 3308
3140 26 3309
21 43 3310
3121 17 3311
23 192 3312
429 25 3313
3087 286 3314
3055 176 3315
7 204 3316
491 7 3317
244 21 3318
176 177 3319
548 206 3320
196 213 3321
2904 254 3322
51 11 3323
33 8 3324
11 234 3325
2705 201 3326
21 38 3327
2609 36 3328
2572 628 3329
378 370 3330
281 192 3331
2242 344 3332
725 2128 3333
2117 189 3334
16 217 3335
1302 2079 3336
1693 1073 3337
864 1657 3338
1485 21 3339
829 1422 3340
1370 252 3341
1224 21 3342
1172 28 3343
440 1136 3344
1128 32 3345
1072 352 3346
458 936 3347
897 28 3348
871 223 3349
833 614 3350
4 823 3351
682 28 3352
447 12 3353
202 405 3354
368 221 3355
169 338 3356
169 31 3357
53 14 3358
251 177 3359
522 198 3360
929 17 3361
378 5 3362
172 24 3363
268 416 3364
740 193 3365
619 511 3366
567 217 3367
467 22 3368
198 37 3369
725 212 3370
378 10 3371
370 217 3372
192 377 3373
3090 636 3374
12 8 3375
1459 17 3376
416 190 3377
2790 396 3378
205 172 3379
304 6 3380
829 248 3381
1250 2508 3382
182 2441 3383
196 19 3384
2406 1826 3385
200 199 3386
2267 184 3387
169 2256 3388
1734 2082 3389
342 2066 3390
2061 204 3391
1907 12 3392
1770 21 3393
275 1727 3394
1685 28 3395
501 1538 3396
1522 662 3397
1520 21 3398
1321 189 3399
186 1288 3400
244 12 3401
182 1142 3402
181 1069 3403
1051 217 3404
880 42 3405
235 788 3406
771 21 3407
771 28 3408
760 482 3409
674 28 3410
529 236 3411
527 231 3412
502 22 3413
378 327 3414
335 41 3415
209 266 3416
314 3404 3417
3383 184 3418
224 6 3419
27 21 3420
370 192 3421
212 16 3422
389 3373 3423
2581 3366 3424
644 14 3425
1004 19 3426
186 9 3427
24 201 3428
184 22 3429
190 483 3430
773 14 3431
3251 290 3432
2356 860 3433
263 242 3434
200 10 3435
3096 280 3436
2749 3091 3437
364 5 3438
21 44 3439
2952 1670 3440
15 226 3441
1476 2912 3442
1648 8 3443
2813 395 3444
170 2734 3445
229 13 3446
454 189 3447
385 34 3448
2425 2009 3449
2365 1303 3450
1426 2332 3451
1723 1998 3452
1131 3451 3453
1575 1981 3454
1956 619 3455
1647 1760 3456
1621 6 3457
1588 28 3458
1536 448 3459
207 1487 3460
725 1484 3461
1474 12 3462
736 1443 3463
1401 28 3464
1362 634 3465
1358 352 3466
1335 15 3467
1225 21 3468
7 1205 3469
1131 37 3470
986 28 3471
862 28 3472
373 807 3473
792 28 3474
215 731 3475
173 691 3476
679 28 3477
651 21 3478
643 333 3479
618 36 3480
591 344 3481
181 561 3482
23 508 3483
468 39 3484
432 28 3485
382 46 3486
246 333 3487
169 170 3488
201 313 3489
181 473 3490
367 3475 3491
173 3473 3492
180 1703 3493
26 5 3494
33 19 3495
200 8 3496
2987 3424 3497
1370 3417 3498
644 266 3499
784 190 3500
169 37 3501
24 257 3502
3326 766 3503
3315 940 3504
241 171 3505
7 201 3506
219 21 3507
27 661 3508
562 287 3509
27 188 3510
1250 3145 3511
339 3137 3512
4 227 3513
729 6 3514
641 7 3515
2869 1596 3516
450 5 3517
1043 2837 3518
388 461 3519
1654 2776 3520
6 171 3521
327 2737 3522
58 176 3523
222 3522 3524
2677 1269 3525
2416 475 3526
638 2336 3527
2325 601 3528
2323 217 3529
721 2129 3530
1607 1965 3531
1640 483 3532
1560 1271 3533
15 192 3534
1519 28 3535
1392 7 3536
771 1329 3537
527 1232 3538
1100 6 3539
1072 901 3540
532 1051 3541
916 170 3542
880 43 3543
880 38 3544
851 551 3545
241 842 3546
837 6 3547
594 747 3548
703 21 3549
175 675 3550
14 597 3551
468 43 3552
394 28 3553
382 38 3554
314 343 3555
202 230 3556
48 15 3557
242 28 3558
381 13 3559
491 256 3560
25 180 3561
54 9 3562
509 3483 3563
12 224 3564
3444 957 3565
736 3564 3566
373 17 3567
1238 7 3568
242 264 3569
223 5 3570
2686 3569 3571
3189 3317 3572
242 21 3573
20 838 3574
241 192 3575
3157 344 3576
2997 10 3577
2363 3577 3578
2011 2908 3579
2829 2082 3580
2796 201 3581
448 5 3582
643 34 3583
2525 184 3584
2220 1330 3585
2200 2191 3586
1759 2084 3587
2044 360 3588
398 3588 3589
1348 1951 3590
1761 12 3591
1701 21 3592
1517 484 3593
1461 21 3594
1453 13 3595
1269 217 3596
1214 217 3597
186 1161 3598
975 28 3599
858 28 3600
750 266 3601
734 21 3602
202 625 3603
498 344 3604
400 344 3605
384 28 3606
355 177 3607
49 28 3608
235 190 3609
281 224 3610
731 214 3611
3578 2667 3612
24 24 3613
960 3574 3614
22 11 3615
203 3614 3616
251 14 3617
715 13 3618
180 6 3619
3520 2711 3620
187 24 3621
3414 2279 3622
933 171 3623
256 6 3624
6 180 3625
55 6 3626
450 184 3627
16 287 3628
3237 460 3629
3219 193 3630
342 3198 3631
197 8 3632
22 13 3633
368 6 3634
21 31 3635
2939 1749 3636
2868 12 3637
2854 2629 3638
170 193 3639
10 303 3640
2707 2618 3641
217 6 3642
8 223 3643
2229 2553 3644
2516 693 3645
1119 2510 3646
2392 199 3647
2210 189 3648
2131 541 3649
2071 535 3650
181 2066 3651
1973 189 3652
1943 1391 3653
185 189 3654
1579 28 3655
1532 28 3656
1518 217 3657
1504 482 3658
1398 21 3659
1395 1133 3660
281 1161 3661
1128 43 3662
939 12 3663
300 927 3664
853 201 3665
844 255 3666
205 819 3667
773 306 3668
767 21 3669
29 762 3670
659 21 3671
552 21 3672
241 548 3673
532 303 3674
490 12 3675
484 18 3676
4 439 3677
398 8 3678
382 31 3679
275 188 3680
251 25 3681
186 26 3682
207 474 3683
7 213 3684
213 6 3685
18 6 3686
2580 3611 3687
234 601 3688
188 1781 3689
373 13 3690
19 37 3691
231 26 3692
814 13 3693
3536 852 3694
181 3523 3695
3500 274 3696
2425 3489 3697
448 204 3698
209 226 3699
275 184 3700
172 416 3701
3376 1954 3702
237 12 3703
235 17 3704
27 7 3705
3192 2715 3706
509 3059 3707
310 264 3708
2200 860 3709
190 253 3710
192 28 3711
2870 234 3712
19 21 3713
12 448 3714
181 2671 3715
2668 252 3716
2663 370 3717
2657 541 3718
605 2483 3719
398 638 3720
7 234 3721
1522 2378 3722
2309 201 3723
765 15 3724
342 2087 3725
215 193 3726
1467 2079 3727
539 217 3728
1715 810 3729
1688 28 3730
1632 193 3731
798 1610 3732
1532 21 3733
631 1454 3734
222 1320 3735
864 1232 3736
256 1216 3737
1179 28 3738
1146 333 3739
1128 44 3740
1074 28 3741
310 1073 3742
1067 28 3743
182 223 3744
197 819 3745
773 760 3746
495 747 3747
740 21 3748
652 489 3749
207 489 3750
479 242 3751
428 13 3752
4 386 3753
169 26 3754
281 485 3755
306 6 3756
16 180 3757
190 176 3758
8 14 3759
180 16 3760
1622 22 3761
25 10 3762
186 370 3763
222 3676 3764
327 737 3765
206 28 3766
175 37 3767
207 200 3768
186 226 3769
3601 731 3770
9 45 3771
242 15 3772
37 8 3773
209 227 3774
3446 2369 3775
367 3775 3776
3416 12 3777
3370 2948 3778
53 9 3779
27 5 3780
8 426 3781
3150 199 3782
204 8 3783
202 199 3784
3033 286 3785
3016 347 3786
3012 242 3787
2934 11 3788
2584 2207 3789
23 2444 3790
835 223 3791
2338 416 3792
1680 2240 3793
932 253 3794
2148 227 3795
1508 3795 3796
175 2083 3797
424 2038 3798
398 2031 3799
1999 1208 3800
1927 957 3801
1737 344 3802
1721 325 3803
618 1617 3804
1537 28 3805
468 1458 3806
203 1450 3807
532 1443 3808
1402 21 3809
1387 5 3810
351 352 3811
1305 524 3812
1299 485 3813
1254 28 3814
1224 28 3815
889 1192 3816
1183 515 3817
1165 184 3818
340 1162 3819
1126 227 3820
186 1102 3821
1044 982 3822
986 21 3823
251 935 3824
839 611 3825
389 838 3826
729 416 3827
202 711 3828
624 344 3829
202 439 3830
428 177 3831
182 377 3832
205 292 3833
289 20 3834
207 198 3835
3819 1073 3836
2548 3813 3837
3808 66 3838
1723 3837 3839
450 6 3840
2470 3786 3841
29 22 3842
207 8 3843
205 223 3844
998 24 3845
10 344 3846
202 19 3847
10 174 3848
3664 360 3849
192 26 3850
209 287 3851
529 248 3852
719 3587 3853
303 231 3854
16 171 3855
931 743 3856
3418 1150 3857
3396 815 3858
773 3377 3859
199 3367 3860
291 3361 3861
720 3860 3862
3328 983 3863
25 172 3864
17 200 3865
378 213 3866
181 3171 3867
2981 27 3868
247 3868 3869
41 192 3870
2967 26 3871
2961 460 3872
184 483 3873
2798 192 3874
2793 1205 3875
8 214 3876
2648 189 3877
2592 344 3878
24 416 3879
844 2519 3880
1292 2351 3881
22 482 3882
2062 1271 3883
1988 401 3884
1907 344 3885
1736 217 3886
1659 72 3887
222 3887 3888
1608 21 3889
169 1531 3890
1522 5 3891
181 1487 3892
235 1484 3893
181 1381 3894
342 1237 3895
722 1112 3896
1062 823 3897
955 32 3898
839 541 3899
820 12 3900
789 416 3901
778 28 3902
251 751 3903
740 28 3904
723 396 3905
652 9 3906
241 625 3907
202 543 3908
512 174 3909
185 3909 3910
468 38 3911
227 395 3912
241 229 3913
235 214 3914
228 234 3915
239 18 3916
209 325 3917
184 622 3918
29 1441 3919
686 27 3920
2907 206 3921
171 28 3922
17 8 3923
1929 27 3924
208 13 3925
6 515 3926
18 19 3927
3746 3363 3928
835 7 3929
940 36 3930
180 28 3931
1250 3710 3932
3703 1051 3933
345 219 3934
213 26 3935
3595 392 3936
227 24 3937
192 176 3938
10 188 3939
194 171 3940
488 200 3941
3394 193 3942
378 1740 3943
193 1073 3944
296 3208 3945
3136 334 3946
3129 223 3947
2930 1186 3948
23 558 3949
370 8 3950
2877 193 3951
209 199 3952
1674 2660 3953
2559 248 3954
2474 21 3955
2440 231 3956
2406 199 3957
342 370 3958
2309 2303 3959
533 2234 3960
2101 1303 3961
2085 1208 3962
2045 21 3963
207 2027 3964
1973 1500 3965
1810 204 3966
1770 28 3967
1705 8 3968
1688 401 3969
1655 263 3970
1652 620 3971
920 1531 3972
1504 5 3973
276 1452 3974
186 1444 3975
547 1390 3976
789 1319 3977
1225 12 3978
1188 28 3979
222 1126 3980
845 215 3981
1117 401 3982
1028 28 3983
1024 177 3984
1019 611 3985
1014 21 3986
880 46 3987
880 44 3988
871 16 3989
750 819 3990
771 423 3991
760 747 3992
754 401 3993
644 177 3994
544 48 3995
532 362 3996
523 515 3997
468 46 3998
4 459 3999
1 0 2 3
