170 826
233 87
65532 156
1076 17
322 106
34 75
246 92
1089 10
102 53
47 77
225 89
8210 161
259 169
1102 35
115 42
382 119
238 111
1081 23
39 81
251 170
1094 37
107 66
52 65
230 101
1073 24
120 78
353 104
243 93
1086 5
99 51
44 30
311 166
1099 22
112 59
345 124
57 74
235 152
8220 147
1078 29
324 125
269 105
769 122
248 96
1091 20
104 58
337 141
49 49
227 110
8212 69
261 134
117 52
1083 13
96 143
41 80
363 140
253 121
1096 41
109 57
54 70
287 135
21658 144
232 102
1075 21
8217 91
33 132
122 73
245 171
1088 12
101 34
46 25
279 167
224 118
114 39
1101 44
347 108
59 98
237 94
1080 11
326 165
38 85
127 172
8722 145
305 129
250 107
1093 26
106 76
51 62
229 100
1072 6
174 131
31038 157
263 109
119 54
64 113
242 127
1085 9
98 61
187 68
43 116
365 163
1098 83
111 40
56 71
378 148
234 123
1077 7
35 155
26053 158
1090 8
103 60
48 47
281 136
226 103
8211 84
171 67
1103 19
116 46
239 142
1082 16
328 164
40 79
273 168
9601 4
252 90
108 43
1095 33
53 55
231 112
8216 160
1074 15
176 153
121 64
299 130
244 99
1087 18
100 50
45 36
367 120
223 114
778 162
257 137
1100 27
113 82
58 88
380 128
236 138
8221 146
1079 28
37 117
249 151
105 32
1092 45
50 56
283 126
228 95
8213 133
173 115
1105 86
118 63
351 149
63 173
241 97
1084 14
8226 159
97 31
42 154
275 150
775 139
110 38
1097 48
55 72
10 8 174
4 15 175
9 6 176
9 5 177
12 6 178
4 18 179
4 16 180
4 5 181
21 5 182
7 9 183
4 10 184
4 11 185
12 5 186
17 5 187
4 14 188
7 13 189
181 8 190
8 6 191
9 22 192
4 24 193
7 8 194
4 182 195
5 12 196
5 13 197
4 176 198
12 7 199
10 18 200
4 8 201
4 6 202
16 5 203
10 19 204
9 11 205
13 6 206
4 178 207
6 12 208
195 174 209
13 19 210
4 187 211
5 17 212
177 14 213
7 23 214
7 12 215
11 8 216
4 20 217
4 28 218
6 9 219
14 11 220
4 17 221
180 5 222
13 7 223
177 23 224
16 6 225
8 5 226
176 19 227
21 6 228
189 27 229
174 6 230
16 11 231
9 7 232
15 6 233
184 5 234
206 8 235
5 29 236
26 212 237
193 7 238
192 23 239
218 6 240
179 5 241
180 14 242
174 5 243
11 9 244
207 200 245
13 27 246
238 200 247
247 235 248
189 7 249
20 8 250
14 183 251
186 17 252
11 11 253
180 6 254
13 5 255
13 11 256
174 15 257
230 15 258
4 213 259
222 14 260
181 24 261
12 11 262
245 197 263
186 14 264
259 7 265
4 49 266
15 11 267
35 8 268
13 20 269
209 214 270
18 208 271
10 231 272
258 210 273
198 237 274
194 204 275
4 44 276
8 27 277
177 182 278
4 33 279
202 271 280
15 5 281
20 26 282
24 257 283
188 244 284
175 219 285
4 199 286
10 7 287
191 251 288
17 11 289
280 288 290
192 7 291
10 269 292
179 199 293
29 7 294
12 22 295
263 236 296
265 178 297
189 19 298
193 6 299
201 215 300
217 292 301
221 210 302
216 204 303
8 178 304
209 11 305
195 252 306
274 303 307
296 183 308
8 22 309
7 14 310
11 5 311
10 6 312
4 7 313
28 5 314
190 298 315
249 267 316
17 6 317
174 11 318
4 54 319
186 15 320
201 316 321
260 176 322
4 191 323
12 20 324
301 228 325
191 26 326
203 15 327
4 26 328
53 32 329
4 56 330
14 7 331
14 6 332
175 11 333
319 32 334
179 262 335
325 14 336
14 5 337
188 7 338
175 287 339
33 7 340
175 5 341
197 27 342
180 282 343
10 203 344
13 183 345
179 208 346
18 196 347
37 183 348
234 283 349
349 183 350
242 25 351
179 186 352
188 5 353
37 311 354
17 22 355
188 194 356
21 11 357
243 178 358
293 187 359
323 16 360
184 6 361
286 358 362
359 273 363
360 294 364
248 239 365
192 14 366
190 229 367
44 186 368
202 368 369
369 347 370
4 45 371
7 17 372
179 255 373
226 15 374
16 295 375
24 5 376
284 20 377
377 326 378
4 232 379
188 236 380
205 7 381
21 250 382
10 10 383
31 38 384
174 27 385
41 11 386
12 216 387
177 15 388
188 6 389
223 16 390
222 9 391
36 329 392
29 6 393
334 392 394
196 253 395
300 387 396
192 220 397
243 19 398
190 375 399
396 395 400
11 10 401
188 11 402
380 177 403
4 42 404
28 6 405
8 11 406
4 348 407
13 35 408
183 11 409
9 19 410
4 174 411
370 191 412
289 354 413
353 382 414
276 16 415
20 187 416
4 51 417
192 26 418
18 6 419
346 327 420
207 10 421
421 398 422
178 26 423
179 197 424
290 309 425
4 62 426
273 194 427
279 6 428
31 39 429
47 47 430
422 381 431
234 427 432
187 14 433
268 204 434
306 6 435
17 20 436
4 55 437
356 423 438
285 224 439
277 204 440
240 15 441
34 39 442
185 28 443
217 187 444
32 38 445
441 304 446
272 14 447
18 390 448
4 67 449
29 183 450
420 225 451
34 38 452
29 177 453
176 17 454
284 250 455
281 23 456
454 223 457
335 457 458
458 453 459
203 14 460
207 376 461
4 29 462
446 16 463
221 20 464
196 19 465
179 7 466
4 21 467
391 413 468
415 178 469
450 253 470
469 213 471
16 20 472
4 50 473
373 447 474
10 20 475
248 227 476
4 69 477
220 25 478
322 191 479
31 43 480
207 28 481
24 22 482
464 41 483
17 7 484
314 264 485
218 5 486
4 61 487
202 15 488
196 416 489
179 212 490
261 489 491
19 8 492
34 42 493
4 59 494
461 191 495
13 22 496
279 401 497
321 485 498
8 7 499
11 340 500
245 465 501
313 28 502
501 470 503
383 214 504
299 504 505
4 57 506
201 5 507
363 275 508
497 223 509
488 226 510
300 178 511
444 283 512
28 196 513
260 448 514
19 14 515
48 6 516
502 355 517
285 227 518
8 229 519
181 10 520
230 388 521
314 233 522
179 210 523
178 9 524
321 513 525
7 25 526
27 482 527
4 237 528
4 43 529
241 10 530
11 246 531
528 527 532
339 182 533
201 20 534
8 196 535
40 38 536
209 7 537
290 374 538
185 256 539
4 65 540
7 176 541
37 253 542
24 229 543
254 176 544
451 25 545
209 515 546
350 224 547
45 196 548
193 408 549
10 11 550
342 522 551
26 6 552
193 208 553
407 304 554
14 194 555
13 194 556
216 27 557
4 318 558
190 249 559
174 186 560
394 25 561
272 23 562
18 5 563
15 219 564
203 23 565
343 410 566
7 28 567
174 19 568
297 26 569
4 58 570
183 22 571
535 22 572
520 176 573
34 43 574
495 194 575
573 48 576
175 22 577
6 228 578
402 205 579
181 16 580
211 332 581
185 331 582
266 47 583
20 10 584
7 199 585
4 39 586
549 317 587
579 36 588
313 385 589
40 39 590
48 11 591
254 29 592
350 227 593
411 197 594
174 178 595
544 206 596
180 20 597
217 521 598
263 578 599
338 29 600
33 11 601
4 41 602
5 14 603
5 23 604
16 405 605
13 203 606
363 434 607
600 436 608
468 232 609
184 18 610
344 23 611
7 16 612
276 226 613
8 12 614
328 197 615
175 6 616
4 243 617
483 310 618
189 5 619
211 14 620
341 605 621
29 11 622
357 595 623
608 176 624
624 252 625
609 264 626
182 30 627
233 275 628
177 7 629
299 606 630
551 440 631
21 20 632
455 25 633
179 6 634
37 6 635
186 29 636
490 6 637
492 204 638
293 17 639
4 31 640
9 214 641
180 324 642
16 7 643
615 212 644
491 564 645
4 46 646
306 7 647
531 205 648
548 14 649
181 649 650
198 18 651
333 17 652
500 272 653
33 224 654
185 9 655
428 174 656
12 19 657
650 345 658
534 6 659
338 174 660
361 17 661
644 648 662
281 182 663
344 182 664
659 556 665
249 28 666
9 20 667
177 385 668
220 30 669
462 666 670
176 25 671
45 7 672
399 628 673
33 6 674
31 42 675
274 638 676
24 6 677
248 366 678
27 35 679
187 636 680
28 11 681
184 419 682
177 680 683
670 683 684
177 36 685
174 196 686
459 318 687
505 9 688
409 19 689
10 312 690
174 229 691
333 433 692
4 60 693
261 20 694
4 63 695
17 225 696
582 275 697
373 516 698
694 560 699
642 21 700
286 623 701
24 11 702
459 568 703
617 23 704
4 206 705
343 205 706
701 542 707
226 23 708
399 309 709
261 372 710
10 16 711
264 7 712
700 255 713
598 345 714
23 5 715
466 33 716
576 571 717
186 233 718
475 226 719
713 719 720
32 43 721
10 555 722
254 543 723
20 9 724
308 22 725
250 205 726
201 11 727
722 653 728
668 35 729
625 278 730
389 386 731
610 726 732
334 329 733
402 16 734
180 712 735
15 7 736
523 393 737
507 627 738
32 46 739
734 320 740
740 197 741
266 55 742
322 499 743
362 9 744
685 203 745
741 177 746
745 728 747
665 747 748
190 18 749
572 26 750
4 36 751
176 246 752
328 5 753
175 619 754
424 729 755
241 567 756
558 223 757
514 312 758
362 232 759
621 206 760
5 8 761
40 52 762
186 12 763
290 326 764
327 22 765
205 19 766
32 42 767
339 26 768
699 541 769
234 15 770
597 763 771
379 203 772
710 183 773
184 215 774
486 176 775
10 36 776
37 11 777
8 215 778
261 48 779
221 585 780
511 312 781
207 715 782
656 227 783
28 7 784
333 13 785
5 15 786
8 199 787
599 268 788
266 30 789
18 197 790
201 178 791
550 18 792
24 612 793
43 31 794
637 268 795
4 70 796
754 792 797
720 33 798
793 35 799
732 765 800
199 251 801
553 799 802
305 227 803
205 332 804
667 35 805
662 460 806
770 801 807
780 15 808
40 43 809
341 200 810
322 708 811
496 29 812
15 372 813
9 215 814
716 679 815
409 7 816
256 33 817
810 631 818
265 320 819
343 641 820
12 228 821
684 278 822
31 46 823
746 456 824
510 337 825
774 267 826
257 183 827
174 20 828
201 524 829
389 228 830
15 22 831
756 696 832
772 750 833
826 324 834
330 47 835
584 225 836
491 233 837
4 72 838
188 196 839
4 71 840
51 58 841
40 42 842
240 804 843
704 225 844
537 456 845
240 225 846
5 24 847
41 7 848
206 228 849
344 14 850
749 836 851
4 53 852
17 229 853
639 849 854
189 6 855
843 194 856
193 256 857
31 57 858
468 814 859
188 20 860
19 9 861
10 472 862
711 342 863
379 863 864
354 752 865
352 632 866
655 778 867
407 787 868
371 7 869
829 10 870
709 23 871
537 663 872
651 216 873
4 445 874
514 10 875
10 214 876
221 11 877
10 5 878
821 205 879
181 879 880
16 25 881
588 16 882
882 282 883
10 225 884
723 397 885
411 219 886
800 220 887
510 24 888
190 355 889
175 876 890
179 178 891
690 29 892
213 25 893
193 11 894
630 9 895
481 817 896
39 34 897
36 18 898
352 686 899
321 17 900
613 8 901
846 405 902
45 215 903
342 41 904
31 50 905
331 48 906
35 591 907
201 196 908
902 277 909
406 15 910
177 25 911
4 66 912
32 50 913
889 552 914
242 30 915
596 478 916
24 256 917
20 16 918
9 250 919
830 681 920
622 233 921
41 813 922
40 57 923
530 416 924
17 232 925
6 246 926
4 38 927
13 216 928
384 50 929
706 25 930
467 484 931
658 22 932
4 223 933
32 31 934
4 357 935
34 46 936
211 790 937
205 519 938
203 9 939
221 282 940
221 15 941
225 8 942
4 295 943
193 229 944
462 11 945
922 562 946
937 938 947
28 20 948
825 702 949
195 12 950
703 220 951
4 205 952
940 786 953
52 39 954
908 182 955
232 776 956
218 317 957
7 552 958
202 16 959
32 51 960
4 255 961
21 178 962
771 8 963
753 174 964
241 691 965
183 635 966
428 23 967
15 208 968
592 187 969
731 224 970
219 19 971
289 5 972
888 584 973
179 235 974
188 183 975
337 7 976
199 174 977
184 15 978
264 6 979
217 182 980
361 20 981
18 186 982
413 9 983
301 357 984
174 233 985
791 983 986
4 657 987
231 26 988
191 246 989
22 25 990
682 246 991
178 246 992
645 227 993
265 199 994
8 20 995
393 23 996
248 291 997
184 219 998
4 228 999
1 0 2 3
