170 4826
233 87
65532 156
1076 17
322 106
34 75
246 92
1089 10
102 53
47 77
225 89
8210 161
259 169
1102 35
115 42
382 119
238 111
1081 23
39 81
251 170
1094 37
107 66
52 65
230 101
1073 24
120 78
353 104
243 93
1086 5
99 51
44 30
311 166
1099 22
112 59
345 124
57 74
235 152
8220 147
1078 29
324 125
269 105
769 122
248 96
1091 20
104 58
337 141
49 49
227 110
8212 69
261 134
117 52
1083 13
96 143
41 80
363 140
253 121
1096 41
109 57
54 70
287 135
21658 144
232 102
1075 21
8217 91
33 132
122 73
245 171
1088 12
101 34
46 25
279 167
224 118
114 39
1101 44
347 108
59 98
237 94
1080 11
326 165
38 85
127 172
8722 145
305 129
250 107
1093 26
106 76
51 62
229 100
1072 6
174 131
31038 157
263 109
119 54
64 113
242 127
1085 9
98 61
187 68
43 116
365 163
1098 83
111 40
56 71
378 148
234 123
1077 7
35 155
26053 158
1090 8
103 60
48 47
281 136
226 103
8211 84
171 67
1103 19
116 46
239 142
1082 16
328 164
40 79
273 168
9601 4
252 90
108 43
1095 33
53 55
231 112
8216 160
1074 15
176 153
121 64
299 130
244 99
1087 18
100 50
45 36
367 120
223 114
778 162
257 137
1100 27
113 82
58 88
380 128
236 138
8221 146
1079 28
37 117
249 151
105 32
1092 45
50 56
283 126
228 95
8213 133
173 115
1105 86
118 63
351 149
63 173
241 97
1084 14
8226 159
97 31
42 154
275 150
775 139
110 38
1097 48
55 72
10 8 174
4 15 175
9 6 176
9 5 177
12 6 178
4 18 179
4 16 180
4 5 181
21 5 182
7 9 183
4 10 184
4 11 185
12 5 186
17 5 187
4 14 188
7 13 189
181 8 190
8 6 191
9 22 192
4 24 193
7 8 194
4 182 195
5 12 196
5 13 197
4 176 198
12 7 199
10 18 200
4 8 201
4 6 202
16 5 203
10 19 204
9 11 205
13 6 206
4 178 207
6 12 208
195 174 209
13 19 210
4 187 211
5 17 212
177 14 213
7 23 214
7 12 215
11 8 216
4 20 217
4 28 218
6 9 219
14 11 220
4 17 221
180 5 222
13 7 223
177 23 224
16 6 225
8 5 226
176 19 227
21 6 228
189 27 229
174 6 230
16 11 231
9 7 232
15 6 233
184 5 234
206 8 235
5 29 236
26 212 237
193 7 238
192 23 239
218 6 240
179 5 241
180 14 242
174 5 243
11 9 244
207 200 245
13 27 246
238 200 247
247 235 248
189 7 249
20 8 250
14 183 251
186 17 252
11 11 253
180 6 254
13 5 255
13 11 256
174 15 257
230 15 258
4 213 259
222 14 260
181 24 261
12 11 262
245 197 263
186 14 264
259 7 265
4 49 266
15 11 267
35 8 268
13 20 269
209 214 270
18 208 271
10 231 272
258 210 273
198 237 274
194 204 275
4 44 276
8 27 277
177 182 278
4 33 279
202 271 280
15 5 281
20 26 282
24 257 283
188 244 284
175 219 285
4 199 286
10 7 287
191 251 288
17 11 289
280 288 290
192 7 291
10 269 292
179 199 293
29 7 294
12 22 295
263 236 296
265 178 297
189 19 298
193 6 299
201 215 300
217 292 301
221 210 302
216 204 303
8 178 304
209 11 305
195 252 306
274 303 307
296 183 308
8 22 309
7 14 310
11 5 311
10 6 312
4 7 313
28 5 314
190 298 315
249 267 316
17 6 317
174 11 318
4 54 319
186 15 320
201 316 321
260 176 322
4 191 323
12 20 324
301 228 325
191 26 326
203 15 327
4 26 328
53 32 329
4 56 330
14 7 331
14 6 332
175 11 333
319 32 334
179 262 335
325 14 336
14 5 337
188 7 338
175 287 339
33 7 340
175 5 341
197 27 342
180 282 343
10 203 344
13 183 345
179 208 346
18 196 347
37 183 348
234 283 349
349 183 350
242 25 351
179 186 352
188 5 353
37 311 354
17 22 355
188 194 356
21 11 357
243 178 358
293 187 359
323 16 360
184 6 361
286 358 362
359 273 363
360 294 364
248 239 365
192 14 366
190 229 367
44 186 368
202 368 369
369 347 370
4 45 371
7 17 372
179 255 373
226 15 374
16 295 375
24 5 376
284 20 377
377 326 378
4 232 379
188 236 380
205 7 381
21 250 382
10 10 383
31 38 384
174 27 385
41 11 386
12 216 387
177 15 388
188 6 389
223 16 390
222 9 391
36 329 392
29 6 393
334 392 394
196 253 395
300 387 396
192 220 397
243 19 398
190 375 399
396 395 400
11 10 401
188 11 402
380 177 403
4 42 404
28 6 405
8 11 406
4 348 407
13 35 408
183 11 409
9 19 410
4 174 411
370 191 412
289 354 413
353 382 414
276 16 415
20 187 416
4 51 417
192 26 418
18 6 419
346 327 420
207 10 421
421 398 422
178 26 423
179 197 424
290 309 425
4 62 426
273 194 427
279 6 428
31 39 429
47 47 430
422 381 431
234 427 432
187 14 433
268 204 434
306 6 435
17 20 436
4 55 437
356 423 438
285 224 439
277 204 440
240 15 441
34 39 442
185 28 443
217 187 444
32 38 445
441 304 446
272 14 447
18 390 448
4 67 449
29 183 450
420 225 451
34 38 452
29 177 453
176 17 454
284 250 455
281 23 456
454 223 457
335 457 458
458 453 459
203 14 460
207 376 461
4 29 462
446 16 463
221 20 464
196 19 465
179 7 466
4 21 467
391 413 468
415 178 469
450 253 470
469 213 471
16 20 472
4 50 473
373 447 474
10 20 475
248 227 476
4 69 477
220 25 478
322 191 479
31 43 480
207 28 481
24 22 482
464 41 483
17 7 484
314 264 485
218 5 486
4 61 487
202 15 488
196 416 489
179 212 490
261 489 491
19 8 492
34 42 493
4 59 494
461 191 495
13 22 496
279 401 497
321 485 498
8 7 499
11 340 500
245 465 501
313 28 502
501 470 503
383 214 504
299 504 505
4 57 506
201 5 507
363 275 508
497 223 509
488 226 510
300 178 511
444 283 512
28 196 513
260 448 514
19 14 515
48 6 516
502 355 517
285 227 518
8 229 519
181 10 520
230 388 521
314 233 522
179 210 523
178 9 524
321 513 525
7 25 526
27 482 527
4 237 528
4 43 529
241 10 530
11 246 531
528 527 532
339 182 533
201 20 534
8 196 535
40 38 536
209 7 537
290 374 538
185 256 539
4 65 540
7 176 541
37 253 542
24 229 543
254 176 544
451 25 545
209 515 546
350 224 547
45 196 548
193 408 549
10 11 550
342 522 551
26 6 552
193 208 553
407 304 554
14 194 555
13 194 556
216 27 557
4 318 558
190 249 559
174 186 560
394 25 561
272 23 562
18 5 563
15 219 564
203 23 565
343 410 566
7 28 567
174 19 568
297 26 569
4 58 570
183 22 571
535 22 572
520 176 573
34 43 574
495 194 575
573 48 576
175 22 577
6 228 578
402 205 579
181 16 580
211 332 581
185 331 582
266 47 583
20 10 584
7 199 585
4 39 586
549 317 587
579 36 588
313 385 589
40 39 590
48 11 591
254 29 592
350 227 593
411 197 594
174 178 595
544 206 596
180 20 597
217 521 598
263 578 599
338 29 600
33 11 601
4 41 602
5 14 603
5 23 604
16 405 605
13 203 606
363 434 607
600 436 608
468 232 609
184 18 610
344 23 611
7 16 612
276 226 613
8 12 614
328 197 615
175 6 616
4 243 617
483 310 618
189 5 619
211 14 620
341 605 621
29 11 622
357 595 623
608 176 624
624 252 625
609 264 626
182 30 627
233 275 628
177 7 629
299 606 630
551 440 631
21 20 632
455 25 633
179 6 634
37 6 635
186 29 636
490 6 637
492 204 638
293 17 639
4 31 640
9 214 641
180 324 642
16 7 643
615 212 644
491 564 645
4 46 646
306 7 647
531 205 648
548 14 649
181 649 650
198 18 651
333 17 652
500 272 653
33 224 654
185 9 655
428 174 656
12 19 657
650 345 658
534 6 659
338 174 660
361 17 661
644 648 662
281 182 663
344 182 664
659 556 665
249 28 666
9 20 667
177 385 668
220 30 669
462 666 670
176 25 671
45 7 672
399 628 673
33 6 674
31 42 675
274 638 676
24 6 677
248 366 678
27 35 679
187 636 680
28 11 681
184 419 682
177 680 683
670 683 684
177 36 685
174 196 686
459 318 687
505 9 688
409 19 689
10 312 690
174 229 691
333 433 692
4 60 693
261 20 694
4 63 695
17 225 696
582 275 697
373 516 698
694 560 699
642 21 700
286 623 701
24 11 702
459 568 703
617 23 704
4 206 705
343 205 706
701 542 707
226 23 708
399 309 709
261 372 710
10 16 711
264 7 712
700 255 713
598 345 714
23 5 715
466 33 716
576 571 717
186 233 718
475 226 719
713 719 720
32 43 721
10 555 722
254 543 723
20 9 724
308 22 725
250 205 726
201 11 727
722 653 728
668 35 729
625 278 730
389 386 731
610 726 732
334 329 733
402 16 734
180 712 735
15 7 736
523 393 737
507 627 738
32 46 739
734 320 740
740 197 741
266 55 742
322 499 743
362 9 744
685 203 745
741 177 746
745 728 747
665 747 748
190 18 749
572 26 750
4 36 751
176 246 752
328 5 753
175 619 754
424 729 755
241 567 756
558 223 757
514 312 758
362 232 759
621 206 760
5 8 761
40 52 762
186 12 763
290 326 764
327 22 765
205 19 766
32 42 767
339 26 768
699 541 769
234 15 770
597 763 771
379 203 772
710 183 773
184 215 774
486 176 775
10 36 776
37 11 777
8 215 778
261 48 779
221 585 780
511 312 781
207 715 782
656 227 783
28 7 784
333 13 785
5 15 786
8 199 787
599 268 788
266 30 789
18 197 790
201 178 791
550 18 792
24 612 793
43 31 794
637 268 795
4 70 796
754 792 797
720 33 798
793 35 799
732 765 800
199 251 801
553 799 802
305 227 803
205 332 804
667 35 805
662 460 806
770 801 807
780 15 808
40 43 809
341 200 810
322 708 811
496 29 812
15 372 813
9 215 814
716 679 815
409 7 816
256 33 817
810 631 818
265 320 819
343 641 820
12 228 821
684 278 822
31 46 823
746 456 824
510 337 825
774 267 826
257 183 827
174 20 828
201 524 829
389 228 830
15 22 831
756 696 832
772 750 833
826 324 834
330 47 835
584 225 836
491 233 837
4 72 838
188 196 839
4 71 840
51 58 841
40 42 842
240 804 843
704 225 844
537 456 845
240 225 846
5 24 847
41 7 848
206 228 849
344 14 850
749 836 851
4 53 852
17 229 853
639 849 854
189 6 855
843 194 856
193 256 857
31 57 858
468 814 859
188 20 860
19 9 861
10 472 862
711 342 863
379 863 864
354 752 865
352 632 866
655 778 867
407 787 868
371 7 869
829 10 870
709 23 871
537 663 872
651 216 873
4 445 874
514 10 875
10 214 876
221 11 877
10 5 878
821 205 879
181 879 880
16 25 881
588 16 882
882 282 883
10 225 884
723 397 885
411 219 886
800 220 887
510 24 888
190 355 889
175 876 890
179 178 891
690 29 892
213 25 893
193 11 894
630 9 895
481 817 896
39 34 897
36 18 898
352 686 899
321 17 900
613 8 901
846 405 902
45 215 903
342 41 904
31 50 905
331 48 906
35 591 907
201 196 908
902 277 909
406 15 910
177 25 911
4 66 912
32 50 913
889 552 914
242 30 915
596 478 916
24 256 917
20 16 918
9 250 919
830 681 920
622 233 921
41 813 922
40 57 923
530 416 924
17 232 925
6 246 926
4 38 927
13 216 928
384 50 929
706 25 930
467 484 931
658 22 932
4 223 933
32 31 934
4 357 935
34 46 936
211 790 937
205 519 938
203 9 939
221 282 940
221 15 941
225 8 942
4 295 943
193 229 944
462 11 945
922 562 946
937 938 947
28 20 948
825 702 949
195 12 950
703 220 951
4 205 952
940 786 953
52 39 954
908 182 955
232 776 956
218 317 957
7 552 958
202 16 959
32 51 960
4 255 961
21 178 962
771 8 963
753 174 964
241 691 965
183 635 966
428 23 967
15 208 968
592 187 969
731 224 970
219 19 971
289 5 972
888 584 973
179 235 974
188 183 975
337 7 976
199 174 977
184 15 978
264 6 979
217 182 980
361 20 981
18 186 982
413 9 983
301 357 984
174 233 985
791 983 986
4 657 987
231 26 988
191 246 989
22 25 990
682 246 991
178 246 992
645 227 993
265 199 994
8 20 995
393 23 996
248 291 997
184 219 998
4 228 999
580 977 1000
315 25 1001
222 226 1002
187 15 1003
733 25 1004
924 976 1005
184 7 1006
958 277 1007
424 761 1008
346 225 1009
14 215 1010
246 45 1011
184 199 1012
4 408 1013
356 320 1014
727 419 1015
31 64 1016
231 25 1017
176 30 1018
618 25 1019
370 8 1020
226 14 1021
1008 966 1022
452 46 1023
4 19 1024
252 918 1025
348 614 1026
529 31 1027
18 20 1028
866 13 1029
782 232 1030
563 691 1031
580 324 1032
201 7 1033
965 629 1034
935 17 1035
592 433 1036
320 219 1037
184 20 1038
17 29 1039
471 25 1040
386 14 1041
557 204 1042
511 10 1043
748 220 1044
1035 979 1045
523 29 1046
874 38 1047
328 524 1048
205 11 1049
404 52 1050
925 15 1051
1000 177 1052
181 939 1053
857 996 1054
211 331 1055
211 1007 1056
195 295 1057
779 7 1058
356 186 1059
179 928 1060
362 192 1061
179 320 1062
341 28 1063
1048 689 1064
68 25 1065
626 30 1066
185 21 1067
460 448 1068
953 565 1069
891 340 1070
36 16 1071
987 433 1072
248 397 1073
362 388 1074
187 26 1075
5 9 1076
221 194 1077
371 183 1078
175 7 1079
705 724 1080
1045 892 1081
862 12 1082
4 79 1083
415 1082 1084
281 14 1085
974 20 1086
179 206 1087
182 252 1088
218 971 1089
330 30 1090
37 22 1091
43 34 1092
530 194 1093
467 206 1094
682 36 1095
444 24 1096
305 224 1097
967 205 1098
7 30 1099
426 47 1100
190 1075 1101
190 853 1102
703 478 1103
596 669 1104
313 294 1105
748 7 1106
449 1031 1107
1105 1051 1108
179 196 1109
463 68 1110
240 982 1111
947 805 1112
945 281 1113
34 31 1114
919 27 1115
1111 475 1116
240 23 1117
179 631 1118
8 36 1119
217 1068 1120
195 1011 1121
1117 555 1122
1101 1115 1123
24 20 1124
194 7 1125
185 686 1126
1012 289 1127
16 408 1128
1093 557 1129
802 25 1130
40 46 1131
4 812 1132
797 372 1133
15 215 1134
183 205 1135
10 25 1136
261 591 1137
16 36 1138
7 7 1139
179 1025 1140
437 430 1141
182 374 1142
870 903 1143
27 19 1144
193 904 1145
486 224 1146
4 230 1147
8 186 1148
180 295 1149
21 311 1150
834 275 1151
4 75 1152
1084 10 1153
13 214 1154
179 11 1155
463 25 1156
254 672 1157
10 27 1158
184 11 1159
1005 654 1160
240 1088 1161
449 946 1162
645 224 1163
51 34 1164
651 186 1165
471 30 1166
178 10 1167
14 208 1168
52 42 1169
884 19 1170
493 46 1171
24 178 1172
661 25 1173
837 192 1174
18 262 1175
221 324 1176
1043 604 1177
404 46 1178
186 182 1179
286 1150 1180
181 784 1181
211 828 1182
599 194 1183
864 988 1184
952 26 1185
4 256 1186
698 17 1187
335 1142 1188
479 25 1189
310 6 1190
32 39 1191
8 244 1192
14 20 1193
601 26 1194
409 310 1195
797 7 1196
4 186 1197
773 227 1198
558 992 1199
233 19 1200
11 19 1201
883 410 1202
24 208 1203
338 543 1204
4 74 1205
698 289 1206
41 310 1207
52 38 1208
202 12 1209
259 215 1210
225 25 1211
337 382 1212
14 236 1213
4 34 1214
1126 500 1215
7 264 1216
1058 827 1217
483 25 1218
495 268 1219
687 25 1220
4 262 1221
898 223 1222
886 542 1223
197 5 1224
4 480 1225
400 25 1226
184 347 1227
233 176 1228
519 177 1229
41 6 1230
188 208 1231
896 291 1232
785 496 1233
328 6 1234
189 11 1235
4 37 1236
407 614 1237
210 12 1238
217 256 1239
17 205 1240
178 25 1241
473 34 1242
808 861 1243
506 429 1244
330 430 1245
4 177 1246
859 30 1247
40 50 1248
50 1222 1249
590 46 1250
222 45 1251
198 865 1252
352 1194 1253
1060 604 1254
1120 226 1255
798 911 1256
60 34 1257
980 255 1258
798 227 1259
330 55 1260
255 9 1261
969 7 1262
616 1207 1263
217 1148 1264
869 893 1265
950 177 1266
222 572 1267
1266 812 1268
178 14 1269
244 21 1270
18 11 1271
16 30 1272
213 30 1273
266 430 1274
28 15 1275
417 675 1276
37 7 1277
949 223 1278
516 19 1279
223 176 1280
58 34 1281
11 14 1282
1089 440 1283
24 585 1284
193 35 1285
352 921 1286
906 816 1287
511 287 1288
248 177 1289
46 31 1290
426 430 1291
305 239 1292
241 1028 1293
1293 1238 1294
530 189 1295
762 42 1296
237 216 1297
695 721 1298
26 5 1299
910 278 1300
592 355 1301
19 277 1302
14 25 1303
1284 29 1304
473 63 1305
956 1026 1306
688 30 1307
193 20 1308
880 948 1309
276 390 1310
1176 357 1311
201 1135 1312
23 25 1313
568 26 1314
181 521 1315
8 262 1316
785 206 1317
4 76 1318
616 1041 1319
941 196 1320
33 227 1321
299 228 1322
16 194 1323
9 194 1324
371 216 1325
1172 440 1326
860 784 1327
211 1326 1328
445 60 1329
484 36 1330
1285 186 1331
1204 35 1332
1140 374 1333
184 310 1334
251 11 1335
39 31 1336
175 28 1337
417 58 1338
183 989 1339
24 196 1340
1070 654 1341
1014 25 1342
944 526 1343
296 541 1344
237 492 1345
27 7 1346
184 736 1347
331 674 1348
361 436 1349
1192 1339 1350
598 1280 1351
175 1128 1352
581 41 1353
82 52 1354
391 1350 1355
978 194 1356
343 232 1357
186 23 1358
481 331 1359
211 243 1360
779 214 1361
299 199 1362
727 26 1363
1322 393 1364
216 229 1365
1052 1314 1366
4 32 1367
18 401 1368
1113 1368 1369
361 337 1370
258 345 1371
311 9 1372
1255 1228 1373
959 1300 1374
191 25 1375
426 30 1376
185 1335 1377
1310 1316 1378
429 46 1379
834 268 1380
718 277 1381
714 22 1382
621 13 1383
23 406 1384
180 178 1385
261 1279 1386
1378 340 1387
1305 1249 1388
1029 225 1389
18 215 1390
205 225 1391
180 11 1392
36 828 1393
276 406 1394
199 14 1395
1360 1175 1396
1396 1348 1397
16 1167 1398
1080 1039 1399
854 275 1400
806 25 1401
1393 972 1402
21 219 1403
178 15 1404
975 1139 1405
40 54 1406
176 26 1407
507 14 1408
534 262 1409
211 258 1410
1397 1229 1411
1165 942 1412
276 223 1413
180 196 1414
193 5 1415
848 182 1416
240 472 1417
582 434 1418
510 332 1419
178 28 1420
32 34 1421
1337 1302 1422
13 236 1423
221 6 1424
867 1324 1425
48 7 1426
1327 19 1427
839 7 1428
1078 25 1429
596 220 1430
753 186 1431
8 324 1432
205 310 1433
565 25 1434
222 672 1435
254 220 1436
254 16 1437
40 53 1438
238 199 1439
36 1330 1440
877 233 1441
900 1195 1442
266 56 1443
193 219 1444
1098 460 1445
1096 985 1446
839 526 1447
233 277 1448
466 386 1449
957 1049 1450
188 177 1451
777 19 1452
773 224 1453
184 214 1454
384 60 1455
18 7 1456
481 177 1457
991 410 1458
1457 847 1459
1355 239 1460
698 696 1461
537 1085 1462
394 30 1463
1432 1240 1464
234 1464 1465
709 14 1466
540 47 1467
437 47 1468
837 176 1469
175 183 1470
184 197 1471
1108 177 1472
1050 739 1473
1459 1420 1474
352 942 1475
899 291 1476
1454 45 1477
630 213 1478
184 1212 1479
1188 345 1480
202 9 1481
195 657 1482
285 176 1483
10 22 1484
217 304 1485
16 8 1486
1182 18 1487
718 19 1488
384 46 1489
246 291 1490
176 865 1491
254 331 1492
554 246 1493
1465 231 1494
867 1491 1495
293 1398 1496
1298 794 1497
338 917 1498
757 25 1499
505 213 1500
1196 1003 1501
873 327 1502
864 203 1503
1485 14 1504
379 24 1505
32 63 1506
179 215 1507
429 50 1508
39 40 1509
32 57 1510
749 1404 1511
1312 10 1512
955 663 1513
201 199 1514
272 7 1515
811 25 1516
766 25 1517
428 19 1518
206 9 1519
41 5 1520
11 337 1521
586 40 1522
815 30 1523
962 277 1524
20 25 1525
1276 31 1526
1251 1190 1527
1013 16 1528
789 55 1529
180 206 1530
22 30 1531
317 220 1532
1081 227 1533
920 192 1534
22 23 1535
744 30 1536
23 611 1537
212 6 1538
77 187 1539
1527 386 1540
1395 19 1541
175 1541 1542
220 337 1543
217 268 1544
1054 1416 1545
517 25 1546
195 374 1547
241 1543 1548
257 5 1549
292 921 1550
338 230 1551
314 318 1552
190 1539 1553
31 51 1554
32 40 1555
177 318 1556
677 264 1557
193 22 1558
964 189 1559
24 215 1560
32 536 1561
188 278 1562
494 429 1563
1153 1372 1564
1356 496 1565
1296 34 1566
29 244 1567
1403 8 1568
21 199 1569
1473 493 1570
16 219 1571
279 310 1572
5 519 1573
1413 1568 1574
260 1193 1575
322 309 1576
175 215 1577
4 35 1578
181 17 1579
33 183 1580
684 239 1581
529 34 1582
1495 224 1583
1067 1488 1584
179 551 1585
218 176 1586
588 1557 1587
280 1119 1588
1498 1037 1589
33 239 1590
869 213 1591
688 25 1592
860 28 1593
771 191 1594
14 30 1595
217 1567 1596
24 216 1597
895 25 1598
486 671 1599
17 208 1600
1094 15 1601
914 30 1602
586 493 1603
231 7 1604
231 30 1605
32 60 1606
1033 6 1607
603 25 1608
260 548 1609
313 182 1610
1431 1520 1611
261 1371 1612
1352 674 1613
4 13 1614
20 35 1615
211 1384 1616
254 45 1617
180 208 1618
8 8 1619
225 30 1620
646 1281 1621
964 855 1622
716 27 1623
361 433 1624
77 203 1625
16 197 1626
333 1532 1627
1301 23 1628
52 57 1629
1181 178 1630
176 220 1631
1334 214 1632
588 1203 1633
658 291 1634
371 11 1635
1451 294 1636
35 48 1637
1311 26 1638
1149 309 1639
602 6 1640
219 27 1641
58 31 1642
1363 603 1643
907 7 1644
4 84 1645
9 25 1646
211 186 1647
1199 227 1648
181 28 1649
206 17 1650
1295 643 1651
815 25 1652
943 24 1653
1094 289 1654
894 28 1655
337 614 1656
634 8 1657
481 1287 1658
1057 25 1659
576 183 1660
566 25 1661
318 340 1662
55 47 1663
1137 23 1664
806 30 1665
401 345 1666
33 1666 1667
276 191 1668
325 220 1669
26 25 1670
353 8 1671
1325 1306 1672
1267 23 1673
920 388 1674
900 816 1675
634 177 1676
461 601 1677
576 541 1678
1518 1625 1679
42 46 1680
4 556 1681
28 244 1682
222 750 1683
1562 1667 1684
594 68 1685
854 434 1686
781 25 1687
706 30 1688
323 563 1689
540 430 1690
1689 33 1691
782 176 1692
594 1065 1693
655 289 1694
625 239 1695
379 317 1696
272 26 1697
746 1200 1698
24 531 1699
1676 1269 1700
174 214 1701
14 22 1702
241 906 1703
240 13 1704
1145 604 1705
1069 30 1706
221 7 1707
831 23 1708
188 465 1709
317 25 1710
203 281 1711
975 35 1712
739 64 1713
660 224 1714
186 18 1715
346 16 1716
1252 278 1717
907 23 1718
523 294 1719
1419 623 1720
379 18 1721
225 45 1722
202 246 1723
602 1722 1724
825 1699 1725
179 20 1726
285 291 1727
961 15 1728
225 191 1729
1409 1662 1730
15 223 1731
570 1566 1732
194 27 1733
613 182 1734
335 1010 1735
807 291 1736
17 25 1737
761 298 1738
613 627 1739
248 224 1740
241 11 1741
1741 1524 1742
949 1154 1743
626 25 1744
200 196 1745
463 30 1746
266 71 1747
1735 177 1748
1586 251 1749
487 1114 1750
1749 216 1751
210 275 1752
80 25 1753
1530 383 1754
241 917 1755
193 342 1756
52 61 1757
1063 1213 1758
1077 1170 1759
4 85 1760
191 220 1761
913 452 1762
31 59 1763
1657 311 1764
19 25 1765
1505 904 1766
17 282 1767
1755 1552 1768
1381 35 1769
285 671 1770
198 375 1771
17 294 1772
840 430 1773
33 278 1774
1609 191 1775
241 1304 1776
455 30 1777
234 376 1778
266 49 1779
613 14 1780
1063 1767 1781
693 39 1782
29 215 1783
1353 205 1784
1721 1538 1785
5 18 1786
1785 390 1787
933 21 1788
399 1021 1789
720 654 1790
532 25 1791
514 287 1792
202 8 1793
31 61 1794
198 174 1795
34 57 1796
507 1407 1797
312 25 1798
883 641 1799
231 23 1800
6 8 1801
1619 372 1802
1514 176 1803
1258 16 1804
757 30 1805
207 383 1806
223 203 1807
52 50 1808
1696 1807 1809
1153 253 1810
15 25 1811
1054 386 1812
978 19 1813
963 239 1814
796 430 1815
222 1802 1816
807 213 1817
640 59 1818
588 182 1819
218 484 1820
285 418 1821
241 287 1822
1820 1158 1823
34 50 1824
506 31 1825
481 1731 1826
10 30 1827
261 1550 1828
1521 385 1829
617 1829 1830
315 30 1831
317 277 1832
1147 972 1833
1081 224 1834
313 355 1835
174 320 1836
1775 543 1837
1750 841 1838
175 212 1839
445 31 1840
567 1261 1841
963 278 1842
602 1841 1843
660 418 1844
4 386 1845
199 17 1846
232 25 1847
1417 272 1848
1032 393 1849
15 194 1850
181 560 1851
266 62 1852
8 25 1853
660 7 1854
1062 372 1855
371 215 1856
240 223 1857
808 232 1858
384 31 1859
1803 1783 1860
1038 1390 1861
1210 25 1862
417 1023 1863
637 275 1864
472 317 1865
314 9 1866
380 1125 1867
205 1091 1868
190 1865 1869
254 191 1870
10 216 1871
52 43 1872
1095 312 1873
335 252 1874
266 65 1875
178 220 1876
372 20 1877
36 17 1878
980 13 1879
525 30 1880
498 30 1881
178 30 1882
536 46 1883
1593 214 1884
1492 178 1885
1441 213 1886
1309 268 1887
1239 1091 1888
389 892 1889
880 522 1890
73 31 1891
279 11 1892
1612 22 1893
233 268 1894
1410 225 1895
1131 574 1896
412 25 1897
266 74 1898
206 24 1899
1364 25 1900
1062 212 1901
180 269 1902
190 1786 1903
19 12 1904
1197 344 1905
494 794 1906
1905 41 1907
1087 233 1908
1861 1168 1909
944 7 1910
371 6 1911
16 526 1912
1636 1549 1913
1199 224 1914
744 25 1915
4 574 1916
1903 345 1917
344 7 1918
1603 1762 1919
4 40 1920
1470 406 1921
1388 1216 1922
226 182 1923
179 657 1924
435 25 1925
185 200 1926
1924 337 1927
1921 210 1928
1806 1899 1929
225 220 1930
183 27 1931
419 17 1932
8 19 1933
9 21 1934
1347 622 1935
540 30 1936
352 11 1937
998 36 1938
13 244 1939
1180 752 1940
970 30 1941
970 25 1942
181 622 1943
28 310 1944
4 269 1945
1787 20 1946
1754 500 1947
1540 224 1948
1471 232 1949
838 430 1950
473 574 1951
11 25 1952
1671 298 1953
1585 766 1954
462 855 1955
17 183 1956
9 27 1957
255 14 1958
438 25 1959
4 324 1960
191 30 1961
184 281 1962
1474 291 1963
704 643 1964
322 326 1965
187 320 1966
40 63 1967
1795 342 1968
1511 1042 1969
991 205 1970
661 30 1971
618 30 1972
299 320 1973
205 23 1974
198 10 1975
180 718 1976
1385 550 1977
1070 1321 1978
1268 278 1979
1254 30 1980
219 10 1981
1080 1772 1982
417 1713 1983
1711 7 1984
192 25 1985
1002 1179 1986
1002 264 1987
903 183 1988
737 25 1989
175 244 1990
391 1988 1991
32 66 1992
37 1877 1993
873 231 1994
540 55 1995
594 603 1996
1387 447 1997
973 278 1998
442 38 1999
306 25 2000
31 66 2001
4 73 2002
1656 1733 2003
1090 55 2004
775 30 2005
21 7 2006
341 187 2007
240 14 2008
389 690 2009
637 434 2010
566 30 2011
4 64 2012
493 42 2013
12 244 2014
1006 1866 2015
180 197 2016
1482 601 2017
896 397 2018
870 672 2019
240 228 2020
196 11 2021
424 603 2022
1851 233 2023
7 177 2024
830 1682 2025
721 43 2026
1445 25 2027
205 1134 2028
1124 12 2029
1121 6 2030
989 861 2031
707 25 2032
507 174 2033
266 70 2034
185 2031 2035
205 635 2036
257 20 2037
519 239 2038
775 26 2039
1855 689 2040
181 9 2041
1152 946 2042
943 9 2043
594 75 2044
439 25 2045
215 25 2046
1966 1365 2047
574 43 2048
426 55 2049
660 1556 2050
1181 186 2051
723 629 2052
640 57 2053
616 14 2054
1649 2047 2055
52 34 2056
45 11 2057
1879 460 2058
1819 318 2059
1639 23 2060
175 1235 2061
1061 25 2062
174 22 2063
466 848 2064
467 178 2065
2064 237 2066
58 1438 2067
324 16 2068
184 16 2069
567 187 2070
404 384 2071
198 1304 2072
184 1213 2073
36 10 2074
181 1836 2075
1411 1701 2076
1217 278 2077
959 233 2078
639 855 2079
800 14 2080
772 572 2081
12 183 2082
2073 1125 2083
480 31 2084
8 397 2085
732 1984 2086
731 176 2087
1032 450 2088
723 366 2089
553 25 2090
193 250 2091
175 208 2092
4 78 2093
189 183 2094
1275 2070 2095
217 2028 2096
1890 277 2097
1668 294 2098
1613 19 2099
1439 632 2100
1425 25 2101
639 1423 2102
563 14 2103
2081 7 2104
905 31 2105
401 27 2106
762 39 2107
442 42 2108
362 176 2109
1359 318 2110
181 230 2111
926 177 2112
711 219 2113
266 72 2114
328 178 2115
1501 25 2116
1002 1358 2117
602 191 2118
411 208 2119
404 59 2120
240 256 2121
184 22 2122
17 36 2123
487 43 2124
1812 23 2125
1370 14 2126
1187 27 2127
1138 8 2128
981 224 2129
181 205 2130
2128 316 2131
462 2131 2132
1161 213 2133
449 176 2134
2106 251 2135
179 2135 2136
9 30 2137
286 231 2138
558 246 2139
4 429 2140
1720 256 2141
175 919 2142
240 1932 2143
1771 1894 2144
52 46 2145
886 1452 2146
538 25 2147
498 25 2148
81 42 2149
46 536 2150
7 18 2151
480 43 2152
1231 41 2153
781 30 2154
193 531 2155
61 442 2156
1182 2103 2157
40 59 2158
191 36 2159
1607 304 2160
1071 269 2161
200 926 2162
179 724 2163
406 340 2164
241 237 2165
8 264 2166
32 452 2167
352 1993 2168
21 25 2169
177 12 2170
1032 470 2171
857 28 2172
831 26 2173
305 366 2174
193 197 2175
186 456 2176
481 1597 2177
1507 878 2178
1159 174 2179
2155 1904 2180
297 220 2181
15 20 2182
1843 228 2183
1784 220 2184
201 1715 2185
1694 267 2186
1637 214 2187
2186 436 2188
570 809 2189
221 410 2190
223 393 2191
31 60 2192
371 2068 2193
1937 1275 2194
297 1402 2195
2194 212 2196
1332 25 2197
175 1297 2198
295 25 2199
1215 664 2200
411 1179 2201
660 291 2202
176 13 2203
83 310 2204
2172 2191 2205
4 9 2206
1315 231 2207
2102 1801 2208
31 63 2209
2009 393 2210
1703 689 2211
1435 968 2212
1406 38 2213
1333 25 2214
185 862 2215
742 47 2216
185 484 2217
297 30 2218
505 176 2219
15 345 2220
30 55 2221
1818 1379 2222
1766 604 2223
241 1287 2224
342 948 2225
399 708 2226
371 196 2227
40 66 2228
1113 2085 2229
2078 271 2230
1654 1490 2231
662 16 2232
877 564 2233
820 30 2234
424 20 2235
445 34 2236
406 19 2237
1677 23 2238
1565 7 2239
466 41 2240
1236 215 2241
986 291 2242
969 182 2243
17 30 2244
1121 2161 2245
404 58 2246
7 777 2247
2079 26 2248
225 519 2249
466 10 2250
23 30 2251
176 15 2252
1133 291 2253
350 239 2254
279 226 2255
45 526 2256
20 287 2257
45 6 2258
417 43 2259
180 199 2260
244 228 2261
2072 224 2262
202 17 2263
5 182 2264
494 39 2265
895 30 2266
820 25 2267
789 70 2268
190 736 2269
733 30 2270
704 231 2271
241 560 2272
330 65 2273
1109 191 2274
36 6 2275
2096 1871 2276
22 7 2277
332 246 2278
1947 850 2279
1127 1944 2280
1909 1323 2281
1640 223 2282
1165 910 2283
873 1017 2284
180 968 2285
181 484 2286
232 30 2287
1564 629 2288
956 348 2289
577 878 2290
525 25 2291
188 19 2292
8 30 2293
490 2204 2294
1833 176 2295
51 66 2296
1480 1201 2297
957 381 2298
428 318 2299
467 20 2300
2269 1832 2301
2250 674 2302
46 34 2303
225 478 2304
1845 186 2305
1655 1306 2306
986 224 2307
594 25 2308
175 472 2309
443 22 2310
240 563 2311
24 7 2312
9 406 2313
184 183 2314
1778 178 2315
1943 2220 2316
68 30 2317
1341 25 2318
1217 227 2319
241 1212 2320
1074 25 2321
1052 318 2322
808 205 2323
587 25 2324
580 7 2325
479 30 2326
241 187 2327
2310 2113 2328
1426 257 2329
215 11 2330
39 32 2331
1679 2256 2332
241 8 2333
1563 66 2334
1243 224 2335
1074 30 2336
379 847 2337
181 475 2338
241 405 2339
201 249 2340
2311 813 2341
2285 191 2342
1392 191 2343
1626 2151 2344
2061 2344 2345
1860 239 2346
1635 12 2347
1528 1484 2348
1449 7 2349
1205 430 2350
894 484 2351
656 224 2352
13 204 2353
2338 2329 2354
2337 237 2355
26 30 2356
38 34 2357
2170 16 2358
184 2358 2359
31 32 2360
2115 332 2361
1647 357 2362
1347 294 2363
1267 7 2364
490 1128 2365
913 1016 2366
802 30 2367
785 223 2368
399 191 2369
258 5 2370
487 39 2371
258 557 2372
1456 33 2373
767 46 2374
26 11 2375
180 219 2376
2091 11 2377
1614 212 2378
2189 2366 2379
2359 189 2380
21 208 2381
1684 291 2382
1653 224 2383
175 1345 2384
941 282 2385
221 29 2386
577 2373 2387
12 25 2388
8 224 2389
2043 225 2390
1968 239 2391
1743 25 2392
955 1708 2393
187 1448 2394
1294 192 2395
866 255 2396
190 817 2397
184 231 2398
338 243 2399
634 264 2400
404 34 2401
610 2247 2402
2201 14 2403
205 16 2404
2033 1216 2405
1919 1164 2406
1493 278 2407
1320 635 2408
1188 557 2409
1083 15 2410
24 702 2411
11 28 2412
355 25 2413
37 36 2414
2354 1752 2415
41 191 2416
2095 1590 2417
317 30 2418
981 176 2419
941 20 2420
371 524 2421
1033 18 2422
705 9 2423
2252 256 2424
466 199 2425
1632 239 2426
1547 557 2427
380 194 2428
1086 25 2429
343 1076 2430
630 893 2431
731 671 2432
285 397 2433
190 199 2434
174 7 2435
206 36 2436
675 46 2437
2347 251 2438
205 25 2439
23 17 2440
22 14 2441
2008 225 2442
1813 1923 2443
1822 516 2444
5 456 2445
2444 277 2446
1461 25 2447
1187 679 2448
190 17 2449
2111 2424 2450
32 442 2451
2420 2162 2452
27 215 2453
26 20 2454
1577 1299 2455
328 1282 2456
1079 340 2457
914 25 2458
707 30 2459
308 213 2460
36 853 2461
353 9 2462
961 2411 2463
923 34 2464
246 36 2465
238 28 2466
309 25 2467
1108 239 2468
1046 214 2469
789 56 2470
409 526 2471
399 8 2472
28 22 2473
957 766 2474
244 182 2475
2029 21 2476
37 20 2477
180 1769 2478
1675 30 2479
1575 192 2480
1421 54 2481
319 1171 2482
1061 30 2483
1022 25 2484
248 911 2485
899 418 2486
350 366 2487
45 5 2488
536 60 2489
10 255 2490
486 232 2491
23 15 2492
23 19 2493
206 25 2494
577 1340 2495
490 1297 2496
1145 244 2497
1014 30 2498
854 194 2499
736 174 2500
724 228 2501
15 612 2502
5 25 2503
601 174 2504
1991 2414 2505
11 310 2506
177 30 2507
2225 434 2508
221 1931 2509
754 1745 2510
1700 366 2511
4 1354 2512
1288 25 2513
896 418 2514
662 881 2515
1758 177 2516
256 25 2517
333 355 2518
20 312 2519
436 10 2520
570 31 2521
293 2520 2522
553 22 2523
1575 232 2524
1005 1321 2525
1234 235 2526
1146 25 2527
1095 1026 2528
1058 182 2529
858 59 2530
831 14 2531
762 38 2532
1449 26 2533
197 11 2534
44 12 2535
193 2501 2536
34 60 2537
16 178 2538
20 14 2539
384 38 2540
762 46 2541
246 397 2542
40 51 2543
1227 910 2544
2178 2203 2545
253 25 2546
1940 224 2547
1788 203 2548
352 1729 2549
1286 766 2550
1486 214 2551
222 2551 2552
1458 220 2553
346 1323 2554
1209 183 2555
1098 881 2556
33 291 2557
4 929 2558
299 13 2559
487 64 2560
221 214 2561
2536 255 2562
9 35 2563
44 9 2564
1424 2492 2565
23 9 2566
28 176 2567
1209 26 2568
429 31 2569
246 19 2570
1929 1042 2571
1837 291 2572
323 1604 2573
565 30 2574
1147 1179 2575
1024 12 2576
963 213 2577
907 14 2578
894 556 2579
640 46 2580
23 562 2581
353 519 2582
2456 2504 2583
255 15 2584
443 2500 2585
232 14 2586
563 9 2587
14 196 2588
2377 1138 2589
1315 225 2590
529 52 2591
2069 255 2592
184 206 2593
1286 1517 2594
1308 17 2595
1069 25 2596
1050 38 2597
859 25 2598
658 418 2599
536 50 2600
202 383 2601
1551 26 2602
449 6 2603
577 2370 2604
2110 2353 2605
40 60 2606
2309 10 2607
1826 2249 2608
1955 1644 2609
1873 1261 2610
1709 25 2611
823 1561 2612
1558 277 2613
1096 177 2614
330 56 2615
1180 176 2616
695 480 2617
1109 8 2618
2037 194 2619
693 1508 2620
1387 562 2621
1215 850 2622
1024 15 2623
279 619 2624
286 472 2625
213 20 2626
7 191 2627
452 42 2628
13 215 2629
530 2003 2630
192 30 2631
1588 1738 2632
1214 78 2633
1087 205 2634
807 224 2635
530 223 2636
63 34 2637
195 186 2638
17 215 2639
31 58 2640
348 304 2641
2196 303 2642
2179 310 2643
2175 1139 2644
2143 224 2645
54 40 2646
7 318 2647
544 496 2648
426 56 2649
1295 225 2650
193 215 2651
180 310 2652
424 19 2653
233 440 2654
36 289 2655
35 12 2656
233 25 2657
337 10 2658
22 26 2659
16 354 2660
1922 25 2661
1547 492 2662
181 1390 2663
1359 516 2664
1251 526 2665
1208 60 2666
1137 7 2667
1038 386 2668
23 850 2669
553 30 2670
357 340 2671
193 189 2672
2561 2619 2673
174 215 2674
32 384 2675
205 327 2676
12 239 2677
2075 7 2678
1679 672 2679
597 419 2680
643 30 2681
18 27 2682
473 52 2683
852 442 2684
986 213 2685
559 14 2686
2634 320 2687
2624 2502 2688
782 9 2689
591 26 2690
731 232 2691
2217 2112 2692
1067 2176 2693
1976 1933 2694
420 1434 2695
1426 182 2696
1258 881 2697
4 809 2698
181 674 2699
330 62 2700
211 256 2701
2699 718 2702
1062 2647 2703
14 219 2704
289 19 2705
41 183 2706
1782 929 2707
1331 25 2708
455 990 2709
231 220 2710
675 42 2711
306 643 2712
374 219 2713
350 291 2714
213 196 2715
496 26 2716
20 30 2717
2215 10 2718
1756 386 2719
1617 526 2720
999 223 2721
37 635 2722
346 11 2723
1120 2713 2724
548 332 2725
34 25 2726
13 256 2727
420 565 2728
217 2538 2729
2438 291 2730
181 2372 2731
1828 1433 2732
1728 1154 2733
320 212 2734
4 496 2735
339 220 2736
12 250 2737
223 228 2738
831 7 2739
247 2734 2740
16 10 2741
655 2725 2742
306 225 2743
11 256 2744
312 26 2745
17 393 2746
179 2508 2747
33 29 2748
2188 926 2749
2136 239 2750
1926 551 2751
1071 1769 2752
1013 1597 2753
234 1340 2754
1177 25 2755
1157 30 2756
1013 376 2757
379 563 2758
350 418 2759
616 10 2760
1565 26 2761
10 287 2762
452 50 2763
174 219 2764
602 5 2765
2305 1800 2766
2055 239 2767
1776 1144 2768
829 1745 2769
14 18 2770
1588 1573 2771
505 1273 2772
771 499 2773
4 715 2774
467 208 2775
241 398 2776
4 329 2777
313 15 2778
2776 246 2779
199 37 2780
260 2682 2781
473 40 2782
927 34 2783
1024 2587 2784
57 1023 2785
191 9 2786
1908 2038 2787
1700 239 2788
577 1423 2789
981 1018 2790
411 20 2791
330 71 2792
330 49 2793
308 278 2794
1481 21 2795
2781 268 2796
64 31 2797
252 6 2798
214 25 2799
333 177 2800
549 17 2801
897 34 2802
300 2278 2803
205 340 2804
309 30 2805
2142 12 2806
1776 1346 2807
2806 1135 2808
17 231 2809
1642 1169 2810
1309 275 2811
662 1272 2812
1133 418 2813
760 25 2814
330 70 2815
58 1896 2816
1886 2752 2817
603 30 2818
6 25 2819
2327 1569 2820
2163 1486 2821
296 2024 2822
1781 526 2823
1623 30 2824
1370 398 2825
1132 25 2826
1102 227 2827
986 239 2828
520 736 2829
581 25 2830
300 220 2831
179 250 2832
184 225 2833
59 39 2834
2758 10 2835
960 31 2836
2835 1846 2837
5 271 2838
2837 827 2839
5 499 2840
10 183 2841
2044 25 2842
1948 25 2843
1596 25 2844
1587 25 2845
1349 25 2846
577 1345 2847
494 1250 2848
43 929 2849
586 842 2850
184 563 2851
276 12 2852
777 35 2853
216 7 2854
36 24 2855
10 786 2856
332 25 2857
219 25 2858
1224 2671 2859
36 44 2860
424 7 2861
59 442 2862
1928 535 2863
1729 440 2864
241 2864 2865
1442 30 2866
789 62 2867
435 30 2868
66 31 2869
202 14 2870
473 32 2871
5 16 2872
6 19 2873
7 37 2874
36 225 2875
77 2744 2876
51 31 2877
185 2876 2878
2365 1580 2879
2119 244 2880
194 11 2881
1492 1358 2882
1394 26 2883
352 1297 2884
1258 1272 2885
1252 239 2886
1161 224 2887
1149 848 2888
256 324 2889
279 215 2890
827 239 2891
23 664 2892
10 215 2893
445 46 2894
486 2838 2895
791 14 2896
254 251 2897
36 332 2898
2620 452 2899
304 2660 2900
2652 18 2901
1793 2900 2902
842 46 2903
218 189 2904
1677 14 2905
1607 614 2906
226 264 2907
1239 1277 2908
1248 1257 2909
487 1171 2910
973 224 2911
862 35 2912
789 65 2913
330 72 2914
179 256 2915
39 64 2916
187 12 2917
219 21 2918
917 2840 2919
616 13 2920
404 31 2921
60 40 2922
196 406 2923
900 2471 2924
33 366 2925
13 196 2926
383 22 2927
2286 29 2928
2245 677 2929
232 182 2930
1579 177 2931
1436 213 2932
1254 25 2933
580 1224 2934
943 177 2935
417 809 2936
88 430 2937
240 337 2938
2601 2923 2939
267 19 2940
222 186 2941
506 384 2942
299 41 2943
660 668 2944
331 174 2945
480 34 2946
36 677 2947
26 178 2948
586 34 2949
2555 2394 2950
22 220 2951
2230 225 2952
218 2182 2953
2019 178 2954
179 2014 2955
1178 1808 2956
1234 206 2957
180 1167 2958
1161 239 2959
1006 1134 2960
1124 821 2961
18 1025 2962
854 268 2963
807 239 2964
773 366 2965
174 515 2966
379 182 2967
529 493 2968
1428 2962 2969
1010 11 2970
777 214 2971
181 12 2972
2342 206 2973
2902 388 2974
870 2889 2975
17 622 2976
534 2780 2977
215 30 2978
2153 2737 2979
51 40 2980
1793 2658 2981
8 418 2982
12 278 2983
544 2389 2984
217 1391 2985
964 249 2986
234 736 2987
656 239 2988
467 524 2989
328 223 2990
297 25 2991
597 12 2992
33 214 2993
233 434 2994
894 2919 2995
790 19 2996
487 429 2997
7 15 2998
361 317 2999
417 429 3000
2688 25 3001
250 24 3002
36 199 3003
2276 2627 3004
362 213 3005
232 7 3006
222 15 3007
2272 183 3008
2241 16 3009
2229 25 3010
16 208 3011
226 9 3012
998 2159 3013
1873 255 3014
1870 766 3015
1411 318 3016
1243 366 3017
1146 30 3018
202 13 3019
272 220 3020
877 405 3021
693 809 3022
779 310 3023
699 183 3024
221 619 3025
438 30 3026
80 30 3027
32 842 3028
20 12 3029
185 26 3030
2987 516 3031
852 39 3032
243 33 3033
907 26 3034
191 478 3035
11 7 3036
32 59 3037
233 246 3038
442 57 3039
254 14 3040
1180 232 3041
199 15 3042
50 452 3043
2280 2715 3044
487 574 3045
1037 291 3046
48 183 3047
1751 2264 3048
1970 30 3049
1856 1010 3050
1828 381 3051
184 1650 3052
1633 25 3053
1522 923 3054
586 1506 3055
1480 291 3056
1417 878 3057
1376 55 3058
1311 7 3059
630 1273 3060
1077 611 3061
943 677 3062
33 816 3063
602 578 3064
594 30 3065
308 239 3066
467 199 3067
18 206 3068
257 7 3069
40 25 3070
1043 22 3071
13 25 3072
178 478 3073
1016 42 3074
2820 1085 3075
193 178 3076
417 590 3077
36 178 3078
2604 1774 3079
2455 456 3080
5 30 3081
1826 33 3082
190 256 3083
1617 229 3084
22 41 3085
1574 291 3086
1333 1535 3087
1534 25 3088
1278 25 3089
333 1003 3090
899 227 3091
26 197 3092
451 30 3093
181 256 3094
404 66 3095
409 23 3096
1033 3063 3097
689 25 3098
205 30 3099
1902 24 3100
2735 393 3101
8 183 3102
36 2417 3103
2290 203 3104
2132 485 3105
494 2084 3106
2020 178 3107
1442 25 3108
1376 56 3109
1301 26 3110
1260 47 3111
45 1076 3112
981 671 3113
899 224 3114
773 239 3115
699 571 3116
587 30 3117
494 480 3118
20 6 3119
10 219 3120
2896 233 3121
2851 565 3122
2825 1229 3123
2795 256 3124
487 31 3125
486 192 3126
2623 1752 3127
281 10 3128
1325 2289 3129
2240 460 3130
2185 500 3131
1906 1891 3132
187 16 3133
1756 1041 3134
1623 25 3135
594 1608 3136
1601 224 3137
475 1600 3138
591 23 3139
195 3138 3140
1409 28 3141
1175 19 3142
404 1114 3143
973 239 3144
811 30 3145
761 249 3146
758 25 3147
371 724 3148
211 475 3149
186 3142 3150
473 31 3151
40 61 3152
33 418 3153
6 256 3154
21 30 3155
32 841 3156
1928 2907 3157
2834 2013 3158
446 225 3159
217 2490 3160
920 176 3161
1089 2237 3162
242 1753 3163
1578 29 3164
1544 291 3165
1522 64 3166
481 906 3167
361 187 3168
1132 278 3169
1021 25 3170
254 681 3171
15 30 3172
338 3150 3173
452 31 3174
66 34 3175
4 536 3176
1354 34 3177
739 31 3178
630 176 3179
1654 2542 3180
2477 28 3181
2452 224 3182
1917 1201 3183
1901 638 3184
1685 30 3185
1564 278 3186
1367 59 3187
1132 239 3188
1102 239 3189
7 848 3190
807 418 3191
774 17 3192
33 571 3193
254 177 3194
174 262 3195
339 14 3196
353 176 3197
10 619 3198
189 214 3199
574 31 3200
11 30 3201
3064 26 3202
52 60 3203
186 16 3204
2985 246 3205
2953 203 3206
529 2909 3207
3206 2412 3208
9 44 3209
2742 2853 3210
3209 1138 3211
184 3211 3212
36 1203 3213
179 2798 3214
2222 2785 3215
2422 2716 3216
4 384 3217
693 52 3218
2521 1169 3219
695 2481 3220
2292 10 3221
1975 1650 3222
1236 1850 3223
1691 231 3224
1385 878 3225
1215 562 3226
731 1018 3227
880 314 3228
335 847 3229
241 614 3230
200 612 3231
241 375 3232
199 176 3233
739 34 3234
3160 2940 3235
44 16 3236
32 30 3237
33 215 3238
1519 17 3239
225 669 3240
73 34 3241
312 30 3242
59 1250 3243
11 219 3244
233 30 3245
27 25 3246
570 2464 3247
2343 1537 3248
506 1883 3249
1878 35 3250
1816 393 3251
1725 25 3252
1707 203 3253
1601 278 3254
1496 177 3255
1487 183 3256
1334 1346 3257
48 816 3258
428 1136 3259
1029 1017 3260
4 667 3261
16 550 3262
179 214 3263
184 176 3264
1681 603 3265
32 61 3266
352 3231 3267
3230 19 3268
634 14 3269
3268 312 3270
20 13 3271
487 480 3272
590 50 3273
3083 674 3274
3009 267 3275
371 3002 3276
2938 16 3277
913 34 3278
2789 183 3279
253 30 3280
2748 5 3281
2593 187 3282
2206 679 3283
2059 2036 3284
290 1761 3285
199 25 3286
376 1448 3287
639 1371 3288
982 3287 3289
1268 239 3290
241 3289 3291
640 1191 3292
991 641 3293
789 49 3294
770 215 3295
599 275 3296
18 557 3297
511 475 3298
328 416 3299
234 287 3300
210 25 3301
640 50 3302
241 174 3303
420 643 3304
383 11 3305
705 36 3306
823 34 3307
3194 44 3308
3192 1277 3309
30 70 3310
2421 3181 3311
9 187 3312
721 1092 3313
19 30 3314
2920 268 3315
2684 2167 3316
186 25 3317
2333 197 3318
179 1981 3319
1848 25 3320
374 25 3321
1712 25 3322
1672 25 3323
1639 14 3324
1505 342 3325
1439 228 3326
404 841 3327
645 291 3328
61 39 3329
199 318 3330
1606 58 3331
3208 2534 3332
5 176 3333
58 52 3334
332 30 3335
2450 628 3336
2328 291 3337
2302 278 3338
420 1912 3339
391 1569 3340
847 1550 3341
1512 239 3342
1370 3341 3343
1399 25 3344
1186 690 3345
246 995 3346
3345 376 3347
404 809 3348
796 47 3349
681 256 3350
642 6 3351
335 492 3352
428 287 3353
23 337 3354
28 194 3355
3229 3330 3356
506 442 3357
4 590 3358
4 721 3359
244 27 3360
2461 36 3361
15 409 3362
2832 3190 3363
76 31 3364
3166 480 3365
3154 681 3366
2402 3366 3367
3128 237 3368
293 3368 3369
12 30 3370
63 452 3371
41 214 3372
21 183 3373
2351 25 3374
2153 324 3375
2132 513 3376
1975 223 3377
1816 29 3378
1788 1604 3379
886 1600 3380
1571 611 3381
1496 239 3382
1410 231 3383
1357 25 3384
1239 635 3385
1109 995 3386
1063 223 3387
693 897 3388
221 612 3389
517 30 3390
190 177 3391
17 244 3392
634 178 3393
597 3346 3394
480 50 3395
186 174 3396
37 5 3397
40 30 3398
202 2970 3399
30 65 3400
1098 16 3401
58 38 3402
2522 337 3403
594 2445 3404
3403 787 3405
2259 1757 3406
2035 611 3407
1935 7 3408
570 1896 3409
1781 7 3410
1577 26 3411
1497 1257 3412
1477 25 3413
1369 239 3414
490 1345 3415
1312 1136 3416
1143 25 3417
973 227 3418
807 397 3419
520 388 3420
468 205 3421
313 436 3422
424 239 3423
186 10 3424
3367 324 3425
193 206 3426
499 199 3427
3340 383 3428
883 232 3429
1121 36 3430
6 176 3431
34 34 3432
3228 564 3433
3222 1042 3434
1095 348 3435
2655 36 3436
36 702 3437
499 25 3438
29 219 3439
3003 358 3440
2180 17 3441
30 62 3442
2808 23 3443
335 2738 3444
223 30 3445
337 2313 3446
2118 191 3447
2059 1868 3448
2015 239 3449
1976 406 3450
1764 25 3451
1593 22 3452
1578 232 3453
1534 30 3454
3453 344 3455
1286 1433 3456
1286 381 3457
254 1010 3458
962 14 3459
352 3459 3460
838 47 3461
789 72 3462
773 213 3463
281 605 3464
234 398 3465
184 223 3466
510 3464 3467
385 35 3468
2434 3446 3469
4 52 3470
3377 2705 3471
3250 3354 3472
1067 295 3473
179 3085 3474
24 219 3475
2751 1433 3476
567 317 3477
207 289 3478
2396 881 3479
2341 1391 3480
200 7 3481
580 176 3482
2168 2199 3483
2035 562 3484
577 237 3485
218 1282 3486
591 7 3487
877 1228 3488
1161 278 3489
1102 291 3490
1102 224 3491
839 1099 3492
371 1076 3493
529 929 3494
479 478 3495
439 30 3496
203 205 3497
52 897 3498
3478 2257 3499
199 30 3500
179 194 3501
38 31 3502
46 40 3503
299 3350 3504
487 1016 3505
15 386 3506
473 493 3507
718 192 3508
61 31 3509
3187 1248 3510
15 664 3511
178 19 3512
32 78 3513
1114 52 3514
185 3033 3515
233 192 3516
2778 1715 3517
472 25 3518
57 442 3519
1138 2764 3520
2643 604 3521
211 3520 3522
1908 519 3523
2017 23 3524
1929 210 3525
1797 25 3526
827 278 3527
494 1296 3528
1268 418 3529
1102 397 3530
285 1018 3531
981 667 3532
767 536 3533
306 664 3534
483 30 3535
379 14 3536
767 42 3537
1158 215 3538
279 7 3539
3528 2105 3540
337 9 3541
24 244 3542
3466 436 3543
622 176 3544
445 32 3545
1221 14 3546
823 46 3547
1038 3362 3548
3351 690 3549
767 34 3550
15 214 3551
429 57 3552
44 23 3553
3171 177 3554
2340 3112 3555
1482 2993 3556
406 23 3557
643 191 3558
1029 231 3559
777 23 3560
2702 519 3561
35 2696 3562
2663 22 3563
2355 1282 3564
1079 225 3565
1388 2046 3566
1863 442 3567
1617 372 3568
1496 366 3569
3568 992 3570
1481 406 3571
1451 357 3572
1271 718 3573
1270 25 3574
1243 397 3575
1116 25 3576
174 1042 3577
203 663 3578
640 60 3579
582 268 3580
210 434 3581
201 262 3582
210 440 3583
473 81 3584
866 3583 3585
32 32 3586
13 206 3587
57 31 3588
391 3538 3589
33 177 3590
24 212 3591
1178 429 3592
331 176 3593
61 43 3594
186 205 3595
985 25 3596
299 23 3597
553 3198 3598
3197 2063 3599
429 34 3600
46 64 3601
191 29 3602
653 26 3603
3021 23 3604
243 216 3605
10 35 3606
234 3605 3607
2589 1573 3608
2210 25 3609
2124 2056 3610
2025 25 3611
2020 1241 3612
1949 654 3613
1720 246 3614
426 1663 3615
1399 30 3616
1227 1375 3617
1364 30 3618
1299 433 3619
4 1208 3620
1186 45 3621
279 585 3622
424 35 3623
211 337 3624
238 182 3625
323 9 3626
3623 376 3627
42 58 3628
3627 2654 3629
1359 3577 3630
960 66 3631
1277 15 3632
231 14 3633
205 231 3634
702 256 3635
417 39 3636
197 6 3637
188 219 3638
46 442 3639
331 30 3640
1077 214 3641
2904 571 3642
464 24 3643
1187 565 3644
2740 224 3645
2668 13 3646
335 2588 3647
2118 8 3648
417 2107 3649
2019 1241 3650
1854 33 3651
1839 397 3652
1647 228 3653
580 1631 3654
352 1345 3655
1221 5 3656
472 657 3657
306 611 3658
379 3657 3659
594 6 3660
529 81 3661
321 314 3662
426 70 3663
221 208 3664
23 196 3665
63 442 3666
33 397 3667
194 215 3668
1554 66 3669
39 480 3670
376 264 3671
1255 3516 3672
2121 233 3673
3444 2187 3674
36 436 3675
923 31 3676
969 23 3677
205 37 3678
3269 492 3679
3263 405 3680
460 25 3681
1155 12 3682
24 19 3683
199 289 3684
3106 1164 3685
3054 42 3686
15 183 3687
2928 355 3688
1320 2874 3689
359 258 3690
505 232 3691
1528 2745 3692
1917 2506 3693
2482 1999 3694
2183 220 3695
1006 1981 3696
1833 9 3697
28 317 3698
1704 25 3699
1633 30 3700
1585 1517 3701
1576 25 3702
857 1552 3703
1493 224 3704
1441 1273 3705
1363 604 3706
205 1277 3707
1202 25 3708
1177 30 3709
261 7 3710
634 246 3711
601 25 3712
360 550 3713
540 56 3714
341 186 3715
335 230 3716
330 74 3717
299 264 3718
221 294 3719
180 205 3720
452 60 3721
897 57 3722
201 3635 3723
954 64 3724
705 3497 3725
14 1271 3726
16 312 3727
393 25 3728
999 3355 3729
933 10 3730
2839 224 3731
417 384 3732
323 2710 3733
1196 355 3734
867 2453 3735
2255 482 3736
1902 677 3737
428 1798 3738
1215 611 3739
1152 1031 3740
1133 25 3741
1090 56 3742
653 7 3743
4 777 3744
505 671 3745
660 278 3746
594 11 3747
463 75 3748
4 294 3749
12 35 3750
234 3698 3751
1006 3683 3752
536 31 3753
36 26 3754
646 58 3755
36 317 3756
417 923 3757
206 30 3758
487 34 3759
32 53 3760
1626 6 3761
646 39 3762
4 767 3763
3232 406 3764
73 73 3765
182 23 3766
220 9 3767
202 18 3768
417 40 3769
2633 3158 3770
804 440 3771
2497 3069 3772
2926 183 3773
2646 1248 3774
2638 1003 3775
2568 216 3776
2526 22 3777
3776 612 3778
2475 14 3779
2400 278 3780
2397 177 3781
1655 2289 3782
888 2257 3783
2142 2082 3784
2136 366 3785
570 2026 3786
180 1811 3787
540 1663 3788
1563 905 3789
1493 239 3790
1474 239 3791
1024 26 3792
1021 30 3793
999 178 3794
193 971 3795
16 865 3796
606 281 3797
24 408 3798
189 35 3799
1726 3797 3800
1935 26 3801
175 197 3802
1159 14 3803
37 215 3804
384 40 3805
487 442 3806
445 40 3807
199 23 3808
340 177 3809
50 31 3810
223 25 3811
175 206 3812
3292 3243 3813
2753 3199 3814
181 2948 3815
2385 2945 3816
276 246 3817
1145 2873 3818
417 536 3819
2637 76 3820
2168 295 3821
2449 189 3822
2434 258 3823
2333 1224 3824
3823 262 3825
2294 1391 3826
2260 563 3827
2229 30 3828
2164 664 3829
1892 2063 3830
417 1763 3831
1674 30 3832
1671 249 3833
1653 227 3834
1589 227 3835
1512 30 3836
1060 1434 3837
175 237 3838
1320 11 3839
1309 434 3840
1298 43 3841
1276 46 3842
417 1249 3843
1155 191 3844
1109 226 3845
914 277 3846
505 893 3847
789 74 3848
682 345 3849
191 669 3850
538 30 3851
502 187 3852
497 255 3853
308 418 3854
299 223 3855
181 262 3856
352 243 3857
225 19 3858
1246 281 3859
3825 1037 3860
257 603 3861
3778 995 3862
2339 3771 3863
228 25 3864
178 669 3865
43 50 3866
21 215 3867
36 45 3868
436 25 3869
20 41 3870
33 213 3871
482 233 3872
3426 182 3873
246 224 3874
4 47 3875
646 442 3876
961 3312 3877
21 214 3878
574 794 3879
3031 1974 3880
467 7 3881
791 2927 3882
2591 78 3883
2340 2488 3884
1196 2413 3885
1990 17 3886
241 337 3887
1889 291 3888
1603 1250 3889
1436 893 3890
1413 251 3891
727 1271 3892
1230 19 3893
1225 59 3894
1012 925 3895
819 25 3896
807 227 3897
777 419 3898
424 177 3899
684 224 3900
657 29 3901
426 71 3902
426 62 3903
419 327 3904
217 3904 3905
202 225 3906
188 25 3907
3905 219 3908
205 3898 3909
3895 736 3910
860 3909 3911
178 16 3912
2121 15 3913
3643 320 3914
2779 3632 3915
1089 3557 3916
852 43 3917
3458 22 3918
32 76 3919
794 46 3920
3212 1203 3921
3121 23 3922
3092 212 3923
3014 232 3924
2736 2983 3925
2941 223 3926
191 19 3927
2345 239 3928
1978 25 3929
44 1957 3930
1949 1321 3931
1936 71 3932
1691 1017 3933
1684 397 3934
323 1537 3935
4 1489 3936
1449 23 3937
1341 30 3938
869 1273 3939
994 25 3940
323 988 3941
540 71 3942
261 521 3943
467 262 3944
372 244 3945
201 324 3946
254 256 3947
91 42 3948
8 204 3949
36 271 3950
34 51 3951
28 19 3952
59 40 3953
31 25 3954
228 30 3955
929 31 3956
14 24 3957
32 480 3958
36 419 3959
3716 205 3960
786 25 3961
54 1016 3962
898 3668 3963
11 176 3964
50 34 3965
3405 176 3966
17 27 3967
21 206 3968
3325 1041 3969
3299 294 3970
577 3297 3971
345 17 3972
221 3042 3973
17 262 3974
1388 215 3975
401 2872 3976
1849 1637 3977
610 3976 3978
2719 220 3979
2664 275 3980
30 71 3981
357 25 3982
2402 926 3983
486 2313 3984
45 229 3985
2066 224 3986
1906 1164 3987
335 1850 3988
466 1846 3989
1703 1195 3990
1684 418 3991
1574 213 3992
1435 30 3993
362 1407 3994
1369 366 3995
1270 30 3996
179 1144 3997
1137 220 3998
955 456 3999
840 47 4000
12 515 4001
467 324 4002
426 72 4003
412 30 4004
379 376 4005
17 1641 4006
6 18 4007
1486 3963 4008
317 178 4009
998 4008 4010
1579 213 4011
494 40 4012
36 176 4013
429 66 4014
601 176 4015
3899 348 4016
590 31 4017
905 34 4018
267 246 4019
384 42 4020
534 295 4021
16 968 4022
1239 37 4023
242 80 4024
3723 550 4025
3622 28 4026
1002 3512 4027
2156 60 4028
3437 33 4029
3428 36 4030
371 20 4031
479 220 4032
2092 3244 4033
3214 294 4034
3082 3096 4035
3062 13 4036
3044 611 4037
2966 25 4038
2893 45 4039
7 2859 4040
2694 220 4041
2568 4040 4042
1006 219 4043
18 194 4044
1087 2493 4045
2190 25 4046
2188 2112 4047
1996 30 4048
1943 317 4049
1907 291 4050
1874 278 4051
361 1702 4052
1502 25 4053
1446 220 4054
1353 381 4055
185 1303 4056
506 1191 4057
1102 366 4058
1090 62 4059
1084 550 4060
299 995 4061
736 30 4062
606 182 4063
353 230 4064
193 282 4065
175 232 4066
222 230 4067
254 178 4068
1369 213 4069
858 31 4070
208 11 4071
1214 57 4072
13 30 4073
179 219 4074
2532 46 4075
58 40 4076
46 590 4077
4 12 4078
927 40 4079
3548 2677 4080
695 442 4081
1439 21 4082
310 25 4083
3472 2531 4084
1560 21 4085
536 34 4086
3168 456 4087
3094 15 4088
2956 3028 4089
570 52 4090
231 9 4091
2749 213 4092
2733 25 4093
2405 30 4094
2235 5 4095
2206 632 4096
2122 1524 4097
520 2003 4098
1168 1323 4099
1799 25 4100
542 25 4101
1723 1271 4102
1458 669 4103
425 1402 4104
1369 278 4105
968 1365 4106
924 1313 4107
201 1190 4108
756 484 4109
346 643 4110
483 7 4111
639 4106 4112
254 18 4113
226 663 4114
15 196 4115
202 21 4116
52 384 4117
16 324 4118
467 4006 4119
193 196 4120
261 83 4121
183 239 4122
954 31 4123
10 206 4124
3264 3901 4125
776 6 4126
371 3773 4127
203 182 4128
183 25 4129
530 3684 4130
601 191 4131
3542 194 4132
1049 25 4133
36 206 4134
3389 2021 4135
1477 603 4136
36 187 4137
8 239 4138
3124 2581 4139
756 2809 4140
2803 418 4141
2687 231 4142
1655 956 4143
241 2567 4144
2554 366 4145
417 2530 4146
2457 264 4147
198 2440 4148
313 2435 4149
186 30 4150
2423 17 4151
2369 19 4152
2241 327 4153
2007 1313 4154
305 1868 4155
1771 628 4156
1674 25 4157
1672 30 4158
1589 224 4159
1540 671 4160
1461 30 4161
1349 30 4162
1331 30 4163
1205 47 4164
1090 65 4165
207 972 4166
254 702 4167
23 635 4168
531 239 4169
404 442 4170
338 33 4171
248 278 4172
261 4169 4173
1024 4168 4174
1415 228 4175
4153 27 4176
36 174 4177
186 9 4178
254 4132 4179
445 42 4180
176 12 4181
823 442 4182
4096 423 4183
33 557 4184
632 12 4185
778 11 4186
3997 2722 4187
30 72 4188
11 232 4189
24 197 4190
214 30 4191
506 536 4192
10 327 4193
28 219 4194
570 429 4195
3664 8 4196
417 31 4197
1511 3581 4198
52 66 4199
20 3544 4200
3517 214 4201
220 205 4202
3276 342 4203
3055 442 4204
2450 2994 4205
2901 2261 4206
2791 2570 4207
201 310 4208
2765 2762 4209
2729 41 4210
2680 246 4211
867 27 4212
2617 1092 4213
2522 1656 4214
2457 1269 4215
1325 956 4216
2363 14 4217
2292 21 4218
75 25 4219
646 2213 4220
2129 30 4221
2058 30 4222
1977 1708 4223
1922 30 4224
1799 30 4225
1694 1537 4226
186 281 4227
1632 278 4228
15 19 4229
1415 191 4230
4 1379 4231
323 1134 4232
1077 562 4233
984 25 4234
880 405 4235
789 71 4236
687 30 4237
530 619 4238
260 419 4239
350 397 4240
218 249 4241
219 1144 4242
41 25 4243
175 189 4244
1794 31 4245
202 24 4246
58 32 4247
38 32 4248
1071 208 4249
590 60 4250
574 50 4251
1471 19 4252
24 199 4253
2245 24 4254
3886 4039 4255
960 34 4256
182 12 4257
1614 244 4258
466 48 4259
3873 1600 4260
4259 215 4261
4260 19 4262
241 9 4263
3148 3796 4264
179 183 4265
419 440 4266
1863 3670 4267
3651 643 4268
341 243 4269
3570 278 4270
256 19 4271
3425 275 4272
217 8 4273
63 3313 4274
3303 2094 4275
1822 3258 4276
389 3204 4277
3167 689 4278
3095 64 4279
1681 3006 4280
2981 672 4281
2831 176 4282
2783 54 4283
2721 199 4284
2701 232 4285
570 721 4286
417 2600 4287
2592 388 4288
176 2567 4289
888 2519 4290
639 4289 4291
374 30 4292
2119 1535 4293
2066 291 4294
1730 664 4295
1613 194 4296
1564 213 4297
558 1490 4298
1450 30 4299
1445 30 4300
1436 1273 4301
569 1402 4302
1369 224 4303
1299 1003 4304
1202 30 4305
1059 25 4306
361 1003 4307
999 233 4308
404 954 4309
880 340 4310
847 372 4311
241 847 4312
705 632 4313
610 256 4314
484 220 4315
441 372 4316
328 255 4317
8 320 4318
279 194 4319
261 206 4320
226 25 4321
188 212 4322
4317 18 4323
241 4304 4324
53 1250 4325
1521 23 4326
180 7 4327
2074 219 4328
43 442 4329
219 3281 4330
2215 4266 4331
646 590 4332
4238 16 4333
328 11 4334
429 32 4335
34 59 4336
43 64 4337
1140 4114 4338
1033 26 4339
494 384 4340
335 482 4341
198 4015 4342
198 17 4343
33 27 4344
204 3949 4345
3908 291 4346
3391 4345 4347
640 51 4348
178 277 4349
499 30 4350
3815 410 4351
3803 672 4352
3690 492 4353
3656 1440 4354
73 58 4355
4354 3439 4356
190 3606 4357
4356 214 4358
1825 3533 4359
933 312 4360
552 23 4361
766 30 4362
1079 3238 4363
1352 3193 4364
14 1124 4365
2325 219 4366
473 3074 4367
3052 1800 4368
2989 2123 4369
2935 16 4370
2664 434 4371
1849 2187 4372
2017 220 4373
2007 419 4374
1962 11 4375
1901 366 4376
549 1737 4377
1719 14 4378
1660 291 4379
362 1631 4380
1587 30 4381
1477 30 4382
1417 884 4383
1362 25 4384
328 1269 4385
221 1235 4386
1230 45 4387
1121 25 4388
1102 418 4389
1062 244 4390
222 728 4391
616 345 4392
581 30 4393
540 70 4394
507 33 4395
506 64 4396
424 6 4397
340 191 4398
37 206 4399
404 721 4400
4151 4387 4401
570 34 4402
262 6 4403
17 214 4404
36 778 4405
12 27 4406
1308 317 4407
53 39 4408
57 34 4409
4200 277 4410
241 4410 4411
4183 3078 4412
175 331 4413
1016 31 4414
1250 58 4415
16 206 4416
588 4099 4417
262 19 4418
276 3878 4419
3856 357 4420
333 246 4421
4420 752 4422
494 3722 4423
178 8 4424
3625 2173 4425
1029 472 4426
487 40 4427
494 31 4428
3402 2666 4429
344 3396 4430
3380 2982 4431
2977 565 4432
2975 1718 4433
2973 26 4434
203 25 4435
2800 962 4436
2724 227 4437
2205 2690 4438
2276 194 4439
2217 926 4440
2205 48 4441
2179 1190 4442
2093 63 4443
2071 1290 4444
1863 897 4445
1244 1840 4446
1797 30 4447
45 178 4448
1589 291 4449
1482 1194 4450
4 1438 4451
1425 30 4452
1410 472 4453
1392 177 4454
404 1354 4455
1315 1042 4456
1301 7 4457
808 1144 4458
1137 26 4459
899 239 4460
737 30 4461
658 239 4462
580 178 4463
540 49 4464
184 456 4465
222 419 4466
410 19 4467
270 25 4468
221 229 4469
195 324 4470
785 13 4471
58 1566 4472
3104 4430 4473
2646 4429 4474
590 34 4475
3316 4474 4476
42 34 4477
24 262 4478
202 256 4479
590 38 4480
389 246 4481
182 25 4482
36 182 4483
256 30 4484
45 524 4485
506 34 4486
4118 21 4487
331 25 4488
3923 648 4489
588 4489 4490
389 23 4491
183 30 4492
3662 1876 4493
52 442 4494
3659 2690 4495
798 177 4496
1724 603 4497
195 317 4498
193 183 4499
3435 787 4500
927 31 4501
3274 434 4502
328 3119 4503
3101 26 4504
2890 278 4505
17 250 4506
2579 224 4507
2541 58 4508
1726 2535 4509
63 2481 4510
1024 2473 4511
2212 1434 4512
2165 22 4513
1825 60 4514
1810 25 4515
1558 13 4516
342 203 4517
1308 255 4518
240 1271 4519
1269 196 4520
1246 12 4521
1243 291 4522
1206 25 4523
1132 418 4524
1090 49 4525
1090 70 4526
568 478 4527
460 1042 4528
1030 30 4529
858 1023 4530
505 1018 4531
961 776 4532
947 418 4533
506 905 4534
520 847 4535
353 711 4536
523 622 4537
569 30 4538
371 531 4539
467 219 4540
424 25 4541
4 388 4542
193 262 4543
189 255 4544
241 182 4545
4 345 4546
2607 603 4547
2698 50 4548
2718 257 4549
38 442 4550
28 208 4551
18 18 4552
341 4487 4553
184 208 4554
4463 4189 4555
1213 194 4556
586 31 4557
241 4556 4558
234 4398 4559
19 224 4560
328 208 4561
16 535 4562
43 445 4563
264 25 4564
240 206 4565
3906 4315 4566
1558 15 4567
4286 2150 4568
4230 2804 4569
858 429 4570
76 34 4571
38 50 4572
1470 7 4573
428 10 4574
3469 1037 4575
3388 452 4576
402 206 4577
322 8 4578
3300 925 4579
3295 41 4580
1588 3146 4581
3129 787 4582
4 493 4583
3022 53 4584
3016 30 4585
186 20 4586
2895 225 4587
852 31 4588
2701 192 4589
2648 25 4590
2505 2641 4591
2505 405 4592
2425 312 4593
2306 25 4594
634 2176 4595
455 22 4596
2088 239 4597
1919 51 4598
201 186 4599
1660 227 4600
1624 25 4601
1243 239 4602
1230 277 4603
180 1224 4604
1221 6 4605
1057 30 4606
494 936 4607
404 929 4608
211 18 4609
411 571 4610
455 7 4611
363 194 4612
221 35 4613
4580 557 4614
20 332 4615
188 4520 4616
331 37 4617
4436 1240 4618
4407 1456 4619
333 484 4620
587 26 4621
4391 7 4622
642 18 4623
1290 445 4624
2233 1071 4625
2540 31 4626
452 51 4627
677 25 4628
42 25 4629
9 36 4630
4252 262 4631
4210 571 4632
2774 4185 4633
4149 827 4634
4121 612 4635
200 5 4636
43 493 4637
35 25 4638
43 32 4639
255 23 4640
494 842 4641
1367 32 4642
193 199 4643
187 246 4644
293 3872 4645
3827 318 4646
251 8 4647
323 23 4648
3680 29 4649
1962 3591 4650
3522 1452 4651
241 3068 4652
2955 1302 4653
191 8 4654
2608 291 4655
2576 988 4656
2475 1303 4657
2405 25 4658
299 2123 4659
2076 30 4660
2058 25 4661
2051 25 4662
1982 25 4663
1227 1961 4664
211 1939 4665
1935 220 4666
1926 219 4667
1870 381 4668
1837 418 4669
1816 622 4670
309 23 4671
1704 30 4672
920 1631 4673
1441 893 4674
217 1340 4675
646 1336 4676
1161 805 4677
660 1099 4678
1079 524 4679
653 220 4680
234 847 4681
800 7 4682
665 25 4683
274 19 4684
211 636 4685
426 49 4686
400 30 4687
185 383 4688
352 340 4689
352 26 4690
184 203 4691
4688 223 4692
704 565 4693
422 1049 4694
2915 191 4695
20 44 4696
4625 1381 4697
379 4617 4698
184 83 4699
350 213 4700
4609 836 4701
1438 46 4702
4701 275 4703
7 1832 4704
913 31 4705
4312 4704 4706
234 10 4707
36 203 4708
40 64 4709
4535 410 4710
536 42 4711
494 442 4712
954 480 4713
2120 31 4714
58 858 4715
962 205 4716
216 11 4717
33 20 4718
182 4349 4719
602 219 4720
1506 34 4721
7 178 4722
4212 1216 4723
18 219 4724
484 25 4725
4112 2626 4726
912 39 4727
449 18 4728
3571 4022 4729
386 26 4730
615 332 4731
30 56 4732
473 923 4733
3792 8 4734
3751 192 4735
222 3573 4736
437 55 4737
1414 8 4738
586 3200 4739
3084 366 4740
3050 562 4741
2679 30 4742
2455 1200 4743
2449 298 4744
2341 2404 4745
2399 14 4746
2396 16 4747
2280 629 4748
1227 191 4749
955 2173 4750
1778 23 4751
1758 668 4752
1589 366 4753
1544 239 4754
205 1313 4755
445 1290 4756
1275 223 4757
1275 197 4758
241 4758 4759
913 1257 4760
1217 224 4761
1132 366 4762
835 49 4763
645 239 4764
203 456 4765
276 203 4766
203 251 4767
933 174 4768
1244 34 4769
494 43 4770
36 563 4771
191 176 4772
384 51 4773
205 35 4774
4 246 4775
371 244 4776
617 186 4777
225 677 4778
4652 1448 4779
32 3177 4780
445 51 4781
37 208 4782
319 34 4783
46 58 4784
18 22 4785
333 4562 4786
1208 31 4787
201 4517 4788
229 25 4789
32 73 4790
404 480 4791
1196 317 4792
225 1670 4793
487 52 4794
317 14 4795
677 199 4796
1131 46 4797
2300 4330 4798
3757 4325 4799
244 25 4800
13 13 4801
233 310 4802
424 22 4803
15 562 4804
602 7 4805
4148 1125 4806
693 34 4807
4075 2916 4808
417 4808 4809
905 40 4810
3911 928 4811
3883 3724 4812
2829 48 4813
2007 23 4814
823 31 4815
3784 2586 4816
3711 332 4817
973 22 4818
577 3619 4819
183 224 4820
261 3593 4821
1909 3558 4822
3140 3527 4823
3467 206 4824
1201 25 4825
3319 311 4826
202 3233 4827
1027 3175 4828
496 25 4829
2863 25 4830
1050 2862 4831
2398 2809 4832
1911 2741 4833
1440 2436 4834
191 14 4835
2339 15 4836
2180 1737 4837
4836 304 4838
4838 225 4839
2092 1230 4840
310 2021 4841
2017 7 4842
1691 1930 4843
1819 1011 4844
1436 1646 4845
1079 1620 4846
1574 177 4847
1544 213 4848
404 1489 4849
1376 72 4850
640 1354 4851
1332 30 4852
1278 30 4853
1155 636 4854
4 1154 4855
1077 11 4856
986 418 4857
831 220 4858
807 366 4859
723 291 4860
723 278 4861
703 669 4862
202 681 4863
198 674 4864
658 213 4865
540 72 4866
540 62 4867
426 74 4868
404 54 4869
4 25 4870
602 208 4871
1023 480 4872
35 1279 4873
1444 21 4874
255 1811 4875
1933 24 4876
4839 277 4877
46 2213 4878
8 291 4879
340 611 4880
225 176 4881
3215 42 4882
32 493 4883
46 493 4884
52 78 4885
18 183 4886
567 17 4887
233 8 4888
693 429 4889
693 40 4890
13 17 4891
36 552 4892
2339 4719 4893
1037 418 4894
4690 1650 4895
4689 627 4896
225 499 4897
319 590 4898
246 418 4899
4898 3866 4900
404 858 4901
1171 31 4902
4593 3133 4903
9 664 4904
4509 226 4905
189 206 4906
4352 186 4907
36 1168 4908
4253 29 4909
335 4909 4910
221 393 4911
640 42 4912
417 480 4913
4116 186 4914
4102 2669 4915
1191 31 4916
4063 1490 4917
981 232 4918
4043 1484 4919
874 46 4920
14 332 4921
3841 675 4922
3812 853 4923
3682 312 4924
796 55 4925
3465 8 4926
3460 1702 4927
2325 3431 4928
333 176 4929
3173 2237 4930
1955 3034 4931
2958 177 4932
2943 205 4933
2901 1270 4934
2796 1216 4935
376 23 4936
2757 7 4937
2753 1235 4938
2638 433 4939
2476 1099 4940
26 2417 4941
1145 2264 4942
407 2166 4943
609 1876 4944
1849 1644 4945
1813 708 4946
1751 604 4947
41 1641 4948
665 1608 4949
1095 1573 4950
1571 562 4951
1446 669 4952
1333 30 4953
1121 30 4954
1083 49 4955
1083 256 4956
362 1018 4957
954 60 4958
884 25 4959
577 790 4960
234 761 4961
758 30 4962
652 25 4963
411 541 4964
325 478 4965
426 65 4966
337 304 4967
313 7 4968
308 291 4969
195 269 4970
184 229 4971
202 176 4972
319 58 4973
389 19 4974
689 30 4975
6 304 4976
2124 52 4977
41 30 4978
10 68 4979
3331 46 4980
42 841 4981
184 196 4982
1992 31 4983
188 4841 4984
38 64 4985
15 244 4986
34 73 4987
27 861 4988
960 40 4989
2211 26 4990
472 30 4991
616 246 4992
442 934 4993
1509 59 4994
3173 406 4995
175 4644 4996
27 11 4997
640 61 4998
695 767 4999
1 0 2 3
