170 1826
233 87
65532 156
1076 17
322 106
34 75
246 92
1089 10
102 53
47 77
225 89
8210 161
259 169
1102 35
115 42
382 119
238 111
1081 23
39 81
251 170
1094 37
107 66
52 65
230 101
1073 24
120 78
353 104
243 93
1086 5
99 51
44 30
311 166
1099 22
112 59
345 124
57 74
235 152
8220 147
1078 29
324 125
269 105
769 122
248 96
1091 20
104 58
337 141
49 49
227 110
8212 69
261 134
117 52
1083 13
96 143
41 80
363 140
253 121
1096 41
109 57
54 70
287 135
21658 144
232 102
1075 21
8217 91
33 132
122 73
245 171
1088 12
101 34
46 25
279 167
224 118
114 39
1101 44
347 108
59 98
237 94
1080 11
326 165
38 85
127 172
8722 145
305 129
250 107
1093 26
106 76
51 62
229 100
1072 6
174 131
31038 157
263 109
119 54
64 113
242 127
1085 9
98 61
187 68
43 116
365 163
1098 83
111 40
56 71
378 148
234 123
1077 7
35 155
26053 158
1090 8
103 60
48 47
281 136
226 103
8211 84
171 67
1103 19
116 46
239 142
1082 16
328 164
40 79
273 168
9601 4
252 90
108 43
1095 33
53 55
231 112
8216 160
1074 15
176 153
121 64
299 130
244 99
1087 18
100 50
45 36
367 120
223 114
778 162
257 137
1100 27
113 82
58 88
380 128
236 138
8221 146
1079 28
37 117
249 151
105 32
1092 45
50 56
283 126
228 95
8213 133
173 115
1105 86
118 63
351 149
63 173
241 97
1084 14
8226 159
97 31
42 154
275 150
775 139
110 38
1097 48
55 72
10 8 174
4 15 175
9 6 176
9 5 177
12 6 178
4 18 179
4 16 180
4 5 181
21 5 182
7 9 183
4 10 184
4 11 185
12 5 186
17 5 187
4 14 188
7 13 189
181 8 190
8 6 191
9 22 192
4 24 193
7 8 194
4 182 195
5 12 196
5 13 197
4 176 198
12 7 199
10 18 200
4 8 201
4 6 202
16 5 203
10 19 204
9 11 205
13 6 206
4 178 207
6 12 208
195 174 209
13 19 210
4 187 211
5 17 212
177 14 213
7 23 214
7 12 215
11 8 216
4 20 217
4 28 218
6 9 219
14 11 220
4 17 221
180 5 222
13 7 223
177 23 224
16 6 225
8 5 226
176 19 227
21 6 228
189 27 229
174 6 230
16 11 231
9 7 232
15 6 233
184 5 234
206 8 235
5 29 236
26 212 237
193 7 238
192 23 239
218 6 240
179 5 241
180 14 242
174 5 243
11 9 244
207 200 245
13 27 246
238 200 247
247 235 248
189 7 249
20 8 250
14 183 251
186 17 252
11 11 253
180 6 254
13 5 255
13 11 256
174 15 257
230 15 258
4 213 259
222 14 260
181 24 261
12 11 262
245 197 263
186 14 264
259 7 265
4 49 266
15 11 267
35 8 268
13 20 269
209 214 270
18 208 271
10 231 272
258 210 273
198 237 274
194 204 275
4 44 276
8 27 277
177 182 278
4 33 279
202 271 280
15 5 281
20 26 282
24 257 283
188 244 284
175 219 285
4 199 286
10 7 287
191 251 288
17 11 289
280 288 290
192 7 291
10 269 292
179 199 293
29 7 294
12 22 295
263 236 296
265 178 297
189 19 298
193 6 299
201 215 300
217 292 301
221 210 302
216 204 303
8 178 304
209 11 305
195 252 306
274 303 307
296 183 308
8 22 309
7 14 310
11 5 311
10 6 312
4 7 313
28 5 314
190 298 315
249 267 316
17 6 317
174 11 318
4 54 319
186 15 320
201 316 321
260 176 322
4 191 323
12 20 324
301 228 325
191 26 326
203 15 327
4 26 328
53 32 329
4 56 330
14 7 331
14 6 332
175 11 333
319 32 334
179 262 335
325 14 336
14 5 337
188 7 338
175 287 339
33 7 340
175 5 341
197 27 342
180 282 343
10 203 344
13 183 345
179 208 346
18 196 347
37 183 348
234 283 349
349 183 350
242 25 351
179 186 352
188 5 353
37 311 354
17 22 355
188 194 356
21 11 357
243 178 358
293 187 359
323 16 360
184 6 361
286 358 362
359 273 363
360 294 364
248 239 365
192 14 366
190 229 367
44 186 368
202 368 369
369 347 370
4 45 371
7 17 372
179 255 373
226 15 374
16 295 375
24 5 376
284 20 377
377 326 378
4 232 379
188 236 380
205 7 381
21 250 382
10 10 383
31 38 384
174 27 385
41 11 386
12 216 387
177 15 388
188 6 389
223 16 390
222 9 391
36 329 392
29 6 393
334 392 394
196 253 395
300 387 396
192 220 397
243 19 398
190 375 399
396 395 400
11 10 401
188 11 402
380 177 403
4 42 404
28 6 405
8 11 406
4 348 407
13 35 408
183 11 409
9 19 410
4 174 411
370 191 412
289 354 413
353 382 414
276 16 415
20 187 416
4 51 417
192 26 418
18 6 419
346 327 420
207 10 421
421 398 422
178 26 423
179 197 424
290 309 425
4 62 426
273 194 427
279 6 428
31 39 429
47 47 430
422 381 431
234 427 432
187 14 433
268 204 434
306 6 435
17 20 436
4 55 437
356 423 438
285 224 439
277 204 440
240 15 441
34 39 442
185 28 443
217 187 444
32 38 445
441 304 446
272 14 447
18 390 448
4 67 449
29 183 450
420 225 451
34 38 452
29 177 453
176 17 454
284 250 455
281 23 456
454 223 457
335 457 458
458 453 459
203 14 460
207 376 461
4 29 462
446 16 463
221 20 464
196 19 465
179 7 466
4 21 467
391 413 468
415 178 469
450 253 470
469 213 471
16 20 472
4 50 473
373 447 474
10 20 475
248 227 476
4 69 477
220 25 478
322 191 479
31 43 480
207 28 481
24 22 482
464 41 483
17 7 484
314 264 485
218 5 486
4 61 487
202 15 488
196 416 489
179 212 490
261 489 491
19 8 492
34 42 493
4 59 494
461 191 495
13 22 496
279 401 497
321 485 498
8 7 499
11 340 500
245 465 501
313 28 502
501 470 503
383 214 504
299 504 505
4 57 506
201 5 507
363 275 508
497 223 509
488 226 510
300 178 511
444 283 512
28 196 513
260 448 514
19 14 515
48 6 516
502 355 517
285 227 518
8 229 519
181 10 520
230 388 521
314 233 522
179 210 523
178 9 524
321 513 525
7 25 526
27 482 527
4 237 528
4 43 529
241 10 530
11 246 531
528 527 532
339 182 533
201 20 534
8 196 535
40 38 536
209 7 537
290 374 538
185 256 539
4 65 540
7 176 541
37 253 542
24 229 543
254 176 544
451 25 545
209 515 546
350 224 547
45 196 548
193 408 549
10 11 550
342 522 551
26 6 552
193 208 553
407 304 554
14 194 555
13 194 556
216 27 557
4 318 558
190 249 559
174 186 560
394 25 561
272 23 562
18 5 563
15 219 564
203 23 565
343 410 566
7 28 567
174 19 568
297 26 569
4 58 570
183 22 571
535 22 572
520 176 573
34 43 574
495 194 575
573 48 576
175 22 577
6 228 578
402 205 579
181 16 580
211 332 581
185 331 582
266 47 583
20 10 584
7 199 585
4 39 586
549 317 587
579 36 588
313 385 589
40 39 590
48 11 591
254 29 592
350 227 593
411 197 594
174 178 595
544 206 596
180 20 597
217 521 598
263 578 599
338 29 600
33 11 601
4 41 602
5 14 603
5 23 604
16 405 605
13 203 606
363 434 607
600 436 608
468 232 609
184 18 610
344 23 611
7 16 612
276 226 613
8 12 614
328 197 615
175 6 616
4 243 617
483 310 618
189 5 619
211 14 620
341 605 621
29 11 622
357 595 623
608 176 624
624 252 625
609 264 626
182 30 627
233 275 628
177 7 629
299 606 630
551 440 631
21 20 632
455 25 633
179 6 634
37 6 635
186 29 636
490 6 637
492 204 638
293 17 639
4 31 640
9 214 641
180 324 642
16 7 643
615 212 644
491 564 645
4 46 646
306 7 647
531 205 648
548 14 649
181 649 650
198 18 651
333 17 652
500 272 653
33 224 654
185 9 655
428 174 656
12 19 657
650 345 658
534 6 659
338 174 660
361 17 661
644 648 662
281 182 663
344 182 664
659 556 665
249 28 666
9 20 667
177 385 668
220 30 669
462 666 670
176 25 671
45 7 672
399 628 673
33 6 674
31 42 675
274 638 676
24 6 677
248 366 678
27 35 679
187 636 680
28 11 681
184 419 682
177 680 683
670 683 684
177 36 685
174 196 686
459 318 687
505 9 688
409 19 689
10 312 690
174 229 691
333 433 692
4 60 693
261 20 694
4 63 695
17 225 696
582 275 697
373 516 698
694 560 699
642 21 700
286 623 701
24 11 702
459 568 703
617 23 704
4 206 705
343 205 706
701 542 707
226 23 708
399 309 709
261 372 710
10 16 711
264 7 712
700 255 713
598 345 714
23 5 715
466 33 716
576 571 717
186 233 718
475 226 719
713 719 720
32 43 721
10 555 722
254 543 723
20 9 724
308 22 725
250 205 726
201 11 727
722 653 728
668 35 729
625 278 730
389 386 731
610 726 732
334 329 733
402 16 734
180 712 735
15 7 736
523 393 737
507 627 738
32 46 739
734 320 740
740 197 741
266 55 742
322 499 743
362 9 744
685 203 745
741 177 746
745 728 747
665 747 748
190 18 749
572 26 750
4 36 751
176 246 752
328 5 753
175 619 754
424 729 755
241 567 756
558 223 757
514 312 758
362 232 759
621 206 760
5 8 761
40 52 762
186 12 763
290 326 764
327 22 765
205 19 766
32 42 767
339 26 768
699 541 769
234 15 770
597 763 771
379 203 772
710 183 773
184 215 774
486 176 775
10 36 776
37 11 777
8 215 778
261 48 779
221 585 780
511 312 781
207 715 782
656 227 783
28 7 784
333 13 785
5 15 786
8 199 787
599 268 788
266 30 789
18 197 790
201 178 791
550 18 792
24 612 793
43 31 794
637 268 795
4 70 796
754 792 797
720 33 798
793 35 799
732 765 800
199 251 801
553 799 802
305 227 803
205 332 804
667 35 805
662 460 806
770 801 807
780 15 808
40 43 809
341 200 810
322 708 811
496 29 812
15 372 813
9 215 814
716 679 815
409 7 816
256 33 817
810 631 818
265 320 819
343 641 820
12 228 821
684 278 822
31 46 823
746 456 824
510 337 825
774 267 826
257 183 827
174 20 828
201 524 829
389 228 830
15 22 831
756 696 832
772 750 833
826 324 834
330 47 835
584 225 836
491 233 837
4 72 838
188 196 839
4 71 840
51 58 841
40 42 842
240 804 843
704 225 844
537 456 845
240 225 846
5 24 847
41 7 848
206 228 849
344 14 850
749 836 851
4 53 852
17 229 853
639 849 854
189 6 855
843 194 856
193 256 857
31 57 858
468 814 859
188 20 860
19 9 861
10 472 862
711 342 863
379 863 864
354 752 865
352 632 866
655 778 867
407 787 868
371 7 869
829 10 870
709 23 871
537 663 872
651 216 873
4 445 874
514 10 875
10 214 876
221 11 877
10 5 878
821 205 879
181 879 880
16 25 881
588 16 882
882 282 883
10 225 884
723 397 885
411 219 886
800 220 887
510 24 888
190 355 889
175 876 890
179 178 891
690 29 892
213 25 893
193 11 894
630 9 895
481 817 896
39 34 897
36 18 898
352 686 899
321 17 900
613 8 901
846 405 902
45 215 903
342 41 904
31 50 905
331 48 906
35 591 907
201 196 908
902 277 909
406 15 910
177 25 911
4 66 912
32 50 913
889 552 914
242 30 915
596 478 916
24 256 917
20 16 918
9 250 919
830 681 920
622 233 921
41 813 922
40 57 923
530 416 924
17 232 925
6 246 926
4 38 927
13 216 928
384 50 929
706 25 930
467 484 931
658 22 932
4 223 933
32 31 934
4 357 935
34 46 936
211 790 937
205 519 938
203 9 939
221 282 940
221 15 941
225 8 942
4 295 943
193 229 944
462 11 945
922 562 946
937 938 947
28 20 948
825 702 949
195 12 950
703 220 951
4 205 952
940 786 953
52 39 954
908 182 955
232 776 956
218 317 957
7 552 958
202 16 959
32 51 960
4 255 961
21 178 962
771 8 963
753 174 964
241 691 965
183 635 966
428 23 967
15 208 968
592 187 969
731 224 970
219 19 971
289 5 972
888 584 973
179 235 974
188 183 975
337 7 976
199 174 977
184 15 978
264 6 979
217 182 980
361 20 981
18 186 982
413 9 983
301 357 984
174 233 985
791 983 986
4 657 987
231 26 988
191 246 989
22 25 990
682 246 991
178 246 992
645 227 993
265 199 994
8 20 995
393 23 996
248 291 997
184 219 998
4 228 999
580 977 1000
315 25 1001
222 226 1002
187 15 1003
733 25 1004
924 976 1005
184 7 1006
958 277 1007
424 761 1008
346 225 1009
14 215 1010
246 45 1011
184 199 1012
4 408 1013
356 320 1014
727 419 1015
31 64 1016
231 25 1017
176 30 1018
618 25 1019
370 8 1020
226 14 1021
1008 966 1022
452 46 1023
4 19 1024
252 918 1025
348 614 1026
529 31 1027
18 20 1028
866 13 1029
782 232 1030
563 691 1031
580 324 1032
201 7 1033
965 629 1034
935 17 1035
592 433 1036
320 219 1037
184 20 1038
17 29 1039
471 25 1040
386 14 1041
557 204 1042
511 10 1043
748 220 1044
1035 979 1045
523 29 1046
874 38 1047
328 524 1048
205 11 1049
404 52 1050
925 15 1051
1000 177 1052
181 939 1053
857 996 1054
211 331 1055
211 1007 1056
195 295 1057
779 7 1058
356 186 1059
179 928 1060
362 192 1061
179 320 1062
341 28 1063
1048 689 1064
68 25 1065
626 30 1066
185 21 1067
460 448 1068
953 565 1069
891 340 1070
36 16 1071
987 433 1072
248 397 1073
362 388 1074
187 26 1075
5 9 1076
221 194 1077
371 183 1078
175 7 1079
705 724 1080
1045 892 1081
862 12 1082
4 79 1083
415 1082 1084
281 14 1085
974 20 1086
179 206 1087
182 252 1088
218 971 1089
330 30 1090
37 22 1091
43 34 1092
530 194 1093
467 206 1094
682 36 1095
444 24 1096
305 224 1097
967 205 1098
7 30 1099
426 47 1100
190 1075 1101
190 853 1102
703 478 1103
596 669 1104
313 294 1105
748 7 1106
449 1031 1107
1105 1051 1108
179 196 1109
463 68 1110
240 982 1111
947 805 1112
945 281 1113
34 31 1114
919 27 1115
1111 475 1116
240 23 1117
179 631 1118
8 36 1119
217 1068 1120
195 1011 1121
1117 555 1122
1101 1115 1123
24 20 1124
194 7 1125
185 686 1126
1012 289 1127
16 408 1128
1093 557 1129
802 25 1130
40 46 1131
4 812 1132
797 372 1133
15 215 1134
183 205 1135
10 25 1136
261 591 1137
16 36 1138
7 7 1139
179 1025 1140
437 430 1141
182 374 1142
870 903 1143
27 19 1144
193 904 1145
486 224 1146
4 230 1147
8 186 1148
180 295 1149
21 311 1150
834 275 1151
4 75 1152
1084 10 1153
13 214 1154
179 11 1155
463 25 1156
254 672 1157
10 27 1158
184 11 1159
1005 654 1160
240 1088 1161
449 946 1162
645 224 1163
51 34 1164
651 186 1165
471 30 1166
178 10 1167
14 208 1168
52 42 1169
884 19 1170
493 46 1171
24 178 1172
661 25 1173
837 192 1174
18 262 1175
221 324 1176
1043 604 1177
404 46 1178
186 182 1179
286 1150 1180
181 784 1181
211 828 1182
599 194 1183
864 988 1184
952 26 1185
4 256 1186
698 17 1187
335 1142 1188
479 25 1189
310 6 1190
32 39 1191
8 244 1192
14 20 1193
601 26 1194
409 310 1195
797 7 1196
4 186 1197
773 227 1198
558 992 1199
233 19 1200
11 19 1201
883 410 1202
24 208 1203
338 543 1204
4 74 1205
698 289 1206
41 310 1207
52 38 1208
202 12 1209
259 215 1210
225 25 1211
337 382 1212
14 236 1213
4 34 1214
1126 500 1215
7 264 1216
1058 827 1217
483 25 1218
495 268 1219
687 25 1220
4 262 1221
898 223 1222
886 542 1223
197 5 1224
4 480 1225
400 25 1226
184 347 1227
233 176 1228
519 177 1229
41 6 1230
188 208 1231
896 291 1232
785 496 1233
328 6 1234
189 11 1235
4 37 1236
407 614 1237
210 12 1238
217 256 1239
17 205 1240
178 25 1241
473 34 1242
808 861 1243
506 429 1244
330 430 1245
4 177 1246
859 30 1247
40 50 1248
50 1222 1249
590 46 1250
222 45 1251
198 865 1252
352 1194 1253
1060 604 1254
1120 226 1255
798 911 1256
60 34 1257
980 255 1258
798 227 1259
330 55 1260
255 9 1261
969 7 1262
616 1207 1263
217 1148 1264
869 893 1265
950 177 1266
222 572 1267
1266 812 1268
178 14 1269
244 21 1270
18 11 1271
16 30 1272
213 30 1273
266 430 1274
28 15 1275
417 675 1276
37 7 1277
949 223 1278
516 19 1279
223 176 1280
58 34 1281
11 14 1282
1089 440 1283
24 585 1284
193 35 1285
352 921 1286
906 816 1287
511 287 1288
248 177 1289
46 31 1290
426 430 1291
305 239 1292
241 1028 1293
1293 1238 1294
530 189 1295
762 42 1296
237 216 1297
695 721 1298
26 5 1299
910 278 1300
592 355 1301
19 277 1302
14 25 1303
1284 29 1304
473 63 1305
956 1026 1306
688 30 1307
193 20 1308
880 948 1309
276 390 1310
1176 357 1311
201 1135 1312
23 25 1313
568 26 1314
181 521 1315
8 262 1316
785 206 1317
4 76 1318
616 1041 1319
941 196 1320
33 227 1321
299 228 1322
16 194 1323
9 194 1324
371 216 1325
1172 440 1326
860 784 1327
211 1326 1328
445 60 1329
484 36 1330
1285 186 1331
1204 35 1332
1140 374 1333
184 310 1334
251 11 1335
39 31 1336
175 28 1337
417 58 1338
183 989 1339
24 196 1340
1070 654 1341
1014 25 1342
944 526 1343
296 541 1344
237 492 1345
27 7 1346
184 736 1347
331 674 1348
361 436 1349
1192 1339 1350
598 1280 1351
175 1128 1352
581 41 1353
82 52 1354
391 1350 1355
978 194 1356
343 232 1357
186 23 1358
481 331 1359
211 243 1360
779 214 1361
299 199 1362
727 26 1363
1322 393 1364
216 229 1365
1052 1314 1366
4 32 1367
18 401 1368
1113 1368 1369
361 337 1370
258 345 1371
311 9 1372
1255 1228 1373
959 1300 1374
191 25 1375
426 30 1376
185 1335 1377
1310 1316 1378
429 46 1379
834 268 1380
718 277 1381
714 22 1382
621 13 1383
23 406 1384
180 178 1385
261 1279 1386
1378 340 1387
1305 1249 1388
1029 225 1389
18 215 1390
205 225 1391
180 11 1392
36 828 1393
276 406 1394
199 14 1395
1360 1175 1396
1396 1348 1397
16 1167 1398
1080 1039 1399
854 275 1400
806 25 1401
1393 972 1402
21 219 1403
178 15 1404
975 1139 1405
40 54 1406
176 26 1407
507 14 1408
534 262 1409
211 258 1410
1397 1229 1411
1165 942 1412
276 223 1413
180 196 1414
193 5 1415
848 182 1416
240 472 1417
582 434 1418
510 332 1419
178 28 1420
32 34 1421
1337 1302 1422
13 236 1423
221 6 1424
867 1324 1425
48 7 1426
1327 19 1427
839 7 1428
1078 25 1429
596 220 1430
753 186 1431
8 324 1432
205 310 1433
565 25 1434
222 672 1435
254 220 1436
254 16 1437
40 53 1438
238 199 1439
36 1330 1440
877 233 1441
900 1195 1442
266 56 1443
193 219 1444
1098 460 1445
1096 985 1446
839 526 1447
233 277 1448
466 386 1449
957 1049 1450
188 177 1451
777 19 1452
773 224 1453
184 214 1454
384 60 1455
18 7 1456
481 177 1457
991 410 1458
1457 847 1459
1355 239 1460
698 696 1461
537 1085 1462
394 30 1463
1432 1240 1464
234 1464 1465
709 14 1466
540 47 1467
437 47 1468
837 176 1469
175 183 1470
184 197 1471
1108 177 1472
1050 739 1473
1459 1420 1474
352 942 1475
899 291 1476
1454 45 1477
630 213 1478
184 1212 1479
1188 345 1480
202 9 1481
195 657 1482
285 176 1483
10 22 1484
217 304 1485
16 8 1486
1182 18 1487
718 19 1488
384 46 1489
246 291 1490
176 865 1491
254 331 1492
554 246 1493
1465 231 1494
867 1491 1495
293 1398 1496
1298 794 1497
338 917 1498
757 25 1499
505 213 1500
1196 1003 1501
873 327 1502
864 203 1503
1485 14 1504
379 24 1505
32 63 1506
179 215 1507
429 50 1508
39 40 1509
32 57 1510
749 1404 1511
1312 10 1512
955 663 1513
201 199 1514
272 7 1515
811 25 1516
766 25 1517
428 19 1518
206 9 1519
41 5 1520
11 337 1521
586 40 1522
815 30 1523
962 277 1524
20 25 1525
1276 31 1526
1251 1190 1527
1013 16 1528
789 55 1529
180 206 1530
22 30 1531
317 220 1532
1081 227 1533
920 192 1534
22 23 1535
744 30 1536
23 611 1537
212 6 1538
77 187 1539
1527 386 1540
1395 19 1541
175 1541 1542
220 337 1543
217 268 1544
1054 1416 1545
517 25 1546
195 374 1547
241 1543 1548
257 5 1549
292 921 1550
338 230 1551
314 318 1552
190 1539 1553
31 51 1554
32 40 1555
177 318 1556
677 264 1557
193 22 1558
964 189 1559
24 215 1560
32 536 1561
188 278 1562
494 429 1563
1153 1372 1564
1356 496 1565
1296 34 1566
29 244 1567
1403 8 1568
21 199 1569
1473 493 1570
16 219 1571
279 310 1572
5 519 1573
1413 1568 1574
260 1193 1575
322 309 1576
175 215 1577
4 35 1578
181 17 1579
33 183 1580
684 239 1581
529 34 1582
1495 224 1583
1067 1488 1584
179 551 1585
218 176 1586
588 1557 1587
280 1119 1588
1498 1037 1589
33 239 1590
869 213 1591
688 25 1592
860 28 1593
771 191 1594
14 30 1595
217 1567 1596
24 216 1597
895 25 1598
486 671 1599
17 208 1600
1094 15 1601
914 30 1602
586 493 1603
231 7 1604
231 30 1605
32 60 1606
1033 6 1607
603 25 1608
260 548 1609
313 182 1610
1431 1520 1611
261 1371 1612
1352 674 1613
4 13 1614
20 35 1615
211 1384 1616
254 45 1617
180 208 1618
8 8 1619
225 30 1620
646 1281 1621
964 855 1622
716 27 1623
361 433 1624
77 203 1625
16 197 1626
333 1532 1627
1301 23 1628
52 57 1629
1181 178 1630
176 220 1631
1334 214 1632
588 1203 1633
658 291 1634
371 11 1635
1451 294 1636
35 48 1637
1311 26 1638
1149 309 1639
602 6 1640
219 27 1641
58 31 1642
1363 603 1643
907 7 1644
4 84 1645
9 25 1646
211 186 1647
1199 227 1648
181 28 1649
206 17 1650
1295 643 1651
815 25 1652
943 24 1653
1094 289 1654
894 28 1655
337 614 1656
634 8 1657
481 1287 1658
1057 25 1659
576 183 1660
566 25 1661
318 340 1662
55 47 1663
1137 23 1664
806 30 1665
401 345 1666
33 1666 1667
276 191 1668
325 220 1669
26 25 1670
353 8 1671
1325 1306 1672
1267 23 1673
920 388 1674
900 816 1675
634 177 1676
461 601 1677
576 541 1678
1518 1625 1679
42 46 1680
4 556 1681
28 244 1682
222 750 1683
1562 1667 1684
594 68 1685
854 434 1686
781 25 1687
706 30 1688
323 563 1689
540 430 1690
1689 33 1691
782 176 1692
594 1065 1693
655 289 1694
625 239 1695
379 317 1696
272 26 1697
746 1200 1698
24 531 1699
1676 1269 1700
174 214 1701
14 22 1702
241 906 1703
240 13 1704
1145 604 1705
1069 30 1706
221 7 1707
831 23 1708
188 465 1709
317 25 1710
203 281 1711
975 35 1712
739 64 1713
660 224 1714
186 18 1715
346 16 1716
1252 278 1717
907 23 1718
523 294 1719
1419 623 1720
379 18 1721
225 45 1722
202 246 1723
602 1722 1724
825 1699 1725
179 20 1726
285 291 1727
961 15 1728
225 191 1729
1409 1662 1730
15 223 1731
570 1566 1732
194 27 1733
613 182 1734
335 1010 1735
807 291 1736
17 25 1737
761 298 1738
613 627 1739
248 224 1740
241 11 1741
1741 1524 1742
949 1154 1743
626 25 1744
200 196 1745
463 30 1746
266 71 1747
1735 177 1748
1586 251 1749
487 1114 1750
1749 216 1751
210 275 1752
80 25 1753
1530 383 1754
241 917 1755
193 342 1756
52 61 1757
1063 1213 1758
1077 1170 1759
4 85 1760
191 220 1761
913 452 1762
31 59 1763
1657 311 1764
19 25 1765
1505 904 1766
17 282 1767
1755 1552 1768
1381 35 1769
285 671 1770
198 375 1771
17 294 1772
840 430 1773
33 278 1774
1609 191 1775
241 1304 1776
455 30 1777
234 376 1778
266 49 1779
613 14 1780
1063 1767 1781
693 39 1782
29 215 1783
1353 205 1784
1721 1538 1785
5 18 1786
1785 390 1787
933 21 1788
399 1021 1789
720 654 1790
532 25 1791
514 287 1792
202 8 1793
31 61 1794
198 174 1795
34 57 1796
507 1407 1797
312 25 1798
883 641 1799
231 23 1800
6 8 1801
1619 372 1802
1514 176 1803
1258 16 1804
757 30 1805
207 383 1806
223 203 1807
52 50 1808
1696 1807 1809
1153 253 1810
15 25 1811
1054 386 1812
978 19 1813
963 239 1814
796 430 1815
222 1802 1816
807 213 1817
640 59 1818
588 182 1819
218 484 1820
285 418 1821
241 287 1822
1820 1158 1823
34 50 1824
506 31 1825
481 1731 1826
10 30 1827
261 1550 1828
1521 385 1829
617 1829 1830
315 30 1831
317 277 1832
1147 972 1833
1081 224 1834
313 355 1835
174 320 1836
1775 543 1837
1750 841 1838
175 212 1839
445 31 1840
567 1261 1841
963 278 1842
602 1841 1843
660 418 1844
4 386 1845
199 17 1846
232 25 1847
1417 272 1848
1032 393 1849
15 194 1850
181 560 1851
266 62 1852
8 25 1853
660 7 1854
1062 372 1855
371 215 1856
240 223 1857
808 232 1858
384 31 1859
1803 1783 1860
1038 1390 1861
1210 25 1862
417 1023 1863
637 275 1864
472 317 1865
314 9 1866
380 1125 1867
205 1091 1868
190 1865 1869
254 191 1870
10 216 1871
52 43 1872
1095 312 1873
335 252 1874
266 65 1875
178 220 1876
372 20 1877
36 17 1878
980 13 1879
525 30 1880
498 30 1881
178 30 1882
536 46 1883
1593 214 1884
1492 178 1885
1441 213 1886
1309 268 1887
1239 1091 1888
389 892 1889
880 522 1890
73 31 1891
279 11 1892
1612 22 1893
233 268 1894
1410 225 1895
1131 574 1896
412 25 1897
266 74 1898
206 24 1899
1364 25 1900
1062 212 1901
180 269 1902
190 1786 1903
19 12 1904
1197 344 1905
494 794 1906
1905 41 1907
1087 233 1908
1861 1168 1909
944 7 1910
371 6 1911
16 526 1912
1636 1549 1913
1199 224 1914
744 25 1915
4 574 1916
1903 345 1917
344 7 1918
1603 1762 1919
4 40 1920
1470 406 1921
1388 1216 1922
226 182 1923
179 657 1924
435 25 1925
185 200 1926
1924 337 1927
1921 210 1928
1806 1899 1929
225 220 1930
183 27 1931
419 17 1932
8 19 1933
9 21 1934
1347 622 1935
540 30 1936
352 11 1937
998 36 1938
13 244 1939
1180 752 1940
970 30 1941
970 25 1942
181 622 1943
28 310 1944
4 269 1945
1787 20 1946
1754 500 1947
1540 224 1948
1471 232 1949
838 430 1950
473 574 1951
11 25 1952
1671 298 1953
1585 766 1954
462 855 1955
17 183 1956
9 27 1957
255 14 1958
438 25 1959
4 324 1960
191 30 1961
184 281 1962
1474 291 1963
704 643 1964
322 326 1965
187 320 1966
40 63 1967
1795 342 1968
1511 1042 1969
991 205 1970
661 30 1971
618 30 1972
299 320 1973
205 23 1974
198 10 1975
180 718 1976
1385 550 1977
1070 1321 1978
1268 278 1979
1254 30 1980
219 10 1981
1080 1772 1982
417 1713 1983
1711 7 1984
192 25 1985
1002 1179 1986
1002 264 1987
903 183 1988
737 25 1989
175 244 1990
391 1988 1991
32 66 1992
37 1877 1993
873 231 1994
540 55 1995
594 603 1996
1387 447 1997
973 278 1998
442 38 1999
1 0 2 3
